0.000000000000000000e+00 3.241882352941176748e+01 2.984077841662980646e+01
2.000000000000000000e+00 3.308941176470587919e+01 3.799203892083149015e+01
4.000000000000000000e+00 3.513411764705882234e+01 4.538478549314461929e+01
6.000000000000000000e+00 3.756235294117647072e+01 5.139982308712958314e+01
8.000000000000000000e+00 4.037882352941176123e+01 5.698142414860679850e+01
1.000000000000000000e+01 4.319999999999999574e+01 6.165192392746571670e+01
1.200000000000000000e+01 4.538823529411764213e+01 6.487173816895179357e+01
1.400000000000000000e+01 4.779294117647057760e+01 6.817116320212295477e+01
1.600000000000000000e+01 5.007999999999998408e+01 7.118089340999557635e+01
1.800000000000000000e+01 5.258588235294116231e+01 7.427686864219371898e+01
2.000000000000000000e+01 5.479999999999999005e+01 7.564794338788145467e+01
2.200000000000000000e+01 5.587529411764705145e+01 7.091331269349845456e+01
2.400000000000000000e+01 5.568941176470588061e+01 6.600176912870411172e+01
2.600000000000000000e+01 5.519529411764704463e+01 6.220035382574081950e+01
2.800000000000000000e+01 5.461411764705881922e+01 5.943166740380362256e+01
3.000000000000000000e+01 5.378823529411764071e+01 5.655241043785935062e+01
3.200000000000000000e+01 5.312941176470587834e+01 5.437859354268022827e+01
3.400000000000000000e+01 5.225882352941174958e+01 5.246351172047765488e+01
3.600000000000000000e+01 5.140235294117645992e+01 5.081379920389208138e+01
3.800000000000000000e+01 5.046823529411764042e+01 4.914639540026536224e+01
4.000000000000000000e+01 4.977882352941175270e+01 4.801636444051304409e+01
4.200000000000000000e+01 4.890823529411763815e+01 4.681114551083591380e+01
4.400000000000000000e+01 4.807294117647058584e+01 4.574745687748782785e+01
4.600000000000000000e+01 4.733647058823529363e+01 4.477001326846527007e+01
4.800000000000000000e+01 4.648470588235294088e+01 4.360681114551083226e+01
5.000000000000000000e+01 4.590117647058823280e+01 4.285272003538256769e+01
5.200000000000000000e+01 4.521176470588235219e+01 4.205661211853161774e+01
5.400000000000000000e+01 4.455058823529411427e+01 4.132684652808491421e+01
5.600000000000000000e+01 4.377882352941175981e+01 4.037593984962405358e+01
5.800000000000000000e+01 4.320941176470587664e+01 3.990490933215391323e+01
6.000000000000000000e+01 4.264235294117646902e+01 3.928129146395399829e+01
6.200000000000000000e+01 4.198588235294117510e+01 3.869747899159663262e+01
6.400000000000000000e+01 4.151058823529411512e+01 3.811808934099955337e+01
6.600000000000000000e+01 4.082352941176470296e+01 3.752985404688190130e+01
6.800000000000000000e+01 4.034588235294117453e+01 3.703228659885006380e+01
7.000000000000000000e+01 4.000941176470588090e+01 3.661211853162317453e+01
7.200000000000000000e+01 3.942352941176470438e+01 3.588456435205660711e+01
7.400000000000000000e+01 3.898352941176470665e+01 3.567226890756302282e+01
7.600000000000000000e+01 3.844235294117647328e+01 3.521008403361344108e+01
7.800000000000000000e+01 3.799764705882352445e+01 3.478549314462626540e+01
8.000000000000000000e+01 3.751764705882352757e+01 3.433436532507739969e+01
8.200000000000000000e+01 3.718823529411764639e+01 3.404024767801857365e+01
8.400000000000000000e+01 3.678823529411764781e+01 3.365546218487394725e+01
8.600000000000000000e+01 3.634588235294117453e+01 3.323971693940733729e+01
8.800000000000000000e+01 3.591999999999999460e+01 3.288589119858469445e+01
9.000000000000000000e+01 3.555764705882352672e+01 3.250331711632021126e+01
9.200000000000000000e+01 3.513411764705882234e+01 3.210526315789473273e+01
9.400000000000000000e+01 3.472470588235293576e+01 3.172932330827067204e+01
9.600000000000000000e+01 3.438823529411764213e+01 3.145289694825298099e+01
9.800000000000000000e+01 3.408235294117647385e+01 3.119637328615656102e+01
1.000000000000000000e+02 3.369176470588234906e+01 3.086023883237505316e+01
1.020000000000000000e+02 3.330588235294117538e+01 3.051083591331268963e+01
1.040000000000000000e+02 3.303058823529411825e+01 3.024104378593542464e+01
1.060000000000000000e+02 3.273647058823529221e+01 2.996904024767801644e+01
1.080000000000000000e+02 3.252470588235294002e+01 2.978107032286598610e+01
