0.000000000000000000e+00 3.187294117647058656e+01 3.006855373728438252e+01
2.000000000000000000e+00 3.235058823529411853e+01 4.563025210084033745e+01
4.000000000000000000e+00 3.683294117647059096e+01 6.837903582485624554e+01
6.000000000000000000e+00 4.190352941176470836e+01 8.768465280849181909e+01
8.000000000000000000e+00 4.919529411764705173e+01 1.041198584697036580e+02
1.000000000000000000e+01 5.689647058823528880e+01 1.200265369305616900e+02
1.200000000000000000e+01 6.544235294117646617e+01 1.349314462627156104e+02
1.400000000000000000e+01 6.959294117647058897e+01 1.306015037593984971e+02
1.600000000000000000e+01 7.244470588235293462e+01 1.196727111897390472e+02
1.800000000000000000e+01 7.341411764705881637e+01 1.099203892083149015e+02
2.000000000000000000e+01 7.342823529411764127e+01 9.998009730207871826e+01
2.200000000000000000e+01 7.303529411764704093e+01 9.428792569659442790e+01
2.400000000000000000e+01 7.261176470588235077e+01 8.934984520123838081e+01
2.600000000000000000e+01 7.134117647058823763e+01 8.385891198584695871e+01
2.800000000000000000e+01 6.973882352941176066e+01 7.866209641751436266e+01
3.000000000000000000e+01 6.866588235294116771e+01 7.554842989827510280e+01
3.200000000000000000e+01 6.749882352941176578e+01 7.245245466607694595e+01
3.400000000000000000e+01 6.669647058823528596e+01 7.013489606368862894e+01
3.600000000000000000e+01 6.553176470588235247e+01 6.769128704113224160e+01
3.800000000000000000e+01 6.449882352941175157e+01 6.535603715170277894e+01
4.000000000000000000e+01 6.343294117647058528e+01 6.345643520566120799e+01
4.200000000000000000e+01 6.220470588235293263e+01 6.155904467049977313e+01
4.400000000000000000e+01 6.136235294117646077e+01 6.030517470145952075e+01
4.600000000000000000e+01 6.032235294117646163e+01 5.896063688633347510e+01
4.800000000000000000e+01 5.926823529411763758e+01 5.745024325519681696e+01
5.000000000000000000e+01 5.819999999999999574e+01 5.618310482087571245e+01
5.200000000000000000e+01 5.700470588235293690e+01 5.473463069438300721e+01
5.400000000000000000e+01 5.596470588235293064e+01 5.378593542680229689e+01
5.600000000000000000e+01 5.517411764705882149e+01 5.290137107474568268e+01
5.800000000000000000e+01 5.403999999999999204e+01 5.166298098186642562e+01
6.000000000000000000e+01 5.318117647058822683e+01 5.074524546660768465e+01
6.200000000000000000e+01 5.192705882352939994e+01 4.955992923485182899e+01
6.400000000000000000e+01 5.096941176470587465e+01 4.859796550199026655e+01
6.600000000000000000e+01 4.992941176470587550e+01 4.739274657231312915e+01
6.800000000000000000e+01 4.870588235294116686e+01 4.630030959752321706e+01
7.000000000000000000e+01 4.801176470588234224e+01 4.553073861123396426e+01
7.200000000000000000e+01 4.738352941176469812e+01 4.493365767359574647e+01
7.400000000000000000e+01 4.639058823529411768e+01 4.398938522777531546e+01
7.600000000000000000e+01 4.581176470588235361e+01 4.339230429013710477e+01
7.800000000000000000e+01 4.521647058823528909e+01 4.269349845201237770e+01
8.000000000000000000e+01 4.458117647058823252e+01 4.194383016364439953e+01
8.200000000000000000e+01 4.403764705882353070e+01 4.131800088456434850e+01
8.400000000000000000e+01 4.341647058823529193e+01 4.070101724900486317e+01
8.600000000000000000e+01 4.291764705882352615e+01 4.026979212737726499e+01
8.800000000000000000e+01 4.224235294117647044e+01 3.965501990269791577e+01
9.000000000000000000e+01 4.156941176470588317e+01 3.904909332153913226e+01
9.200000000000000000e+01 4.105411764705882405e+01 3.862229102167182049e+01
9.400000000000000000e+01 4.052235294117646447e+01 3.808934099955771302e+01
9.600000000000000000e+01 3.999999999999999289e+01 3.763600176912870410e+01
9.800000000000000000e+01 3.948470588235294088e+01 3.716718266253869274e+01
1.000000000000000000e+02 3.895764705882352530e+01 3.664750110570543740e+01
1.020000000000000000e+02 3.846352941176470353e+01 3.622954444935868423e+01
1.040000000000000000e+02 3.792941176470588260e+01 3.572091994692613781e+01
1.060000000000000000e+02 3.755294117647058982e+01 3.536267138434320856e+01
1.080000000000000000e+02 3.706352941176470495e+01 3.490712074303405643e+01
1.100000000000000000e+02 3.654117647058823337e+01 3.444272445820433148e+01
1.120000000000000000e+02 3.621882352941176464e+01 3.411764705882352899e+01
1.140000000000000000e+02 3.580705882352940961e+01 3.372843874391861618e+01
1.160000000000000000e+02 3.539764705882352303e+01 3.333038478549313766e+01
1.180000000000000000e+02 3.499294117647058755e+01 3.290579389650596909e+01
1.200000000000000000e+02 3.456235294117647072e+01 3.249004865103935913e+01
1.220000000000000000e+02 3.419058823529411484e+01 3.212737726669614347e+01
1.240000000000000000e+02 3.384000000000000341e+01 3.183768244139760739e+01
1.260000000000000000e+02 3.348705882352940932e+01 3.151260504201680135e+01
1.280000000000000000e+02 3.309176470588235475e+01 3.113003095975231815e+01
1.300000000000000000e+02 3.280941176470588516e+01 3.085360459973462710e+01
1.320000000000000000e+02 3.244705882352941018e+01 3.050641309155240677e+01
1.340000000000000000e+02 3.194823529411764795e+01 3.005749668288367715e+01
