0.000000000000000000e+00 3.124235294117647044e+01 2.914860681114550545e+01
2.000000000000000000e+00 4.135294117647058698e+01 6.289694825298539627e+01
4.000000000000000000e+00 5.383058823529410830e+01 9.934099955771780799e+01
6.000000000000000000e+00 7.517176470588233883e+01 1.480605926581158656e+02
8.000000000000000000e+00 9.167058823529410461e+01 1.789672711189738834e+02
1.000000000000000000e+01 9.561882352941177032e+01 1.672600619195046363e+02
1.200000000000000000e+01 9.581176470588235361e+01 1.506147722246793137e+02
1.400000000000000000e+01 9.509882352941177430e+01 1.355860238832374876e+02
1.600000000000000000e+01 9.345411764705882263e+01 1.246926138876603289e+02
1.800000000000000000e+01 9.149882352941176578e+01 1.159619637328615624e+02
2.000000000000000000e+01 8.950588235294117112e+01 1.088920831490490855e+02
2.200000000000000000e+01 8.774588235294116600e+01 1.025254312251216078e+02
2.400000000000000000e+01 8.613647058823528369e+01 9.758071649712516660e+01
2.600000000000000000e+01 8.393176470588234395e+01 9.202122954444935488e+01
2.800000000000000000e+01 8.165882352941176237e+01 8.706103494029190415e+01
3.000000000000000000e+01 7.960941176470588232e+01 8.291906236178681411e+01
3.200000000000000000e+01 7.803294117647057249e+01 8.009066784608579326e+01
3.400000000000000000e+01 7.650352941176470267e+01 7.753869969040246701e+01
3.600000000000000000e+01 7.452705882352940137e+01 7.432773109243696297e+01
3.800000000000000000e+01 7.337647058823529278e+01 7.254754533392302562e+01
4.000000000000000000e+01 7.166823529411763616e+01 7.005528527200353039e+01
4.200000000000000000e+01 6.983764705882352075e+01 6.750110570544006805e+01
4.400000000000000000e+01 6.844235294117646617e+01 6.566121185316231390e+01
4.600000000000000000e+01 6.731294117647057362e+01 6.420610349402917905e+01
4.800000000000000000e+01 6.633882352941175498e+01 6.302299867315346660e+01
5.000000000000000000e+01 6.474823529411763445e+01 6.110791685095090742e+01
5.200000000000000000e+01 6.343764705882352217e+01 5.963069438301635472e+01
5.400000000000000000e+01 6.256705882352940762e+01 5.868642193719592370e+01
5.600000000000000000e+01 6.147058823529410887e+01 5.755196815568331914e+01
5.800000000000000000e+01 6.001882352941175469e+01 5.605926581158779243e+01
6.000000000000000000e+01 5.879764705882352160e+01 5.485183547103051183e+01
6.200000000000000000e+01 5.779764705882352160e+01 5.389429455992922868e+01
6.400000000000000000e+01 5.683294117647058386e+01 5.293454223794780233e+01
6.600000000000000000e+01 5.583294117647058386e+01 5.195267580716496525e+01
6.800000000000000000e+01 5.469882352941176151e+01 5.084475895621405783e+01
7.000000000000000000e+01 5.369176470588234196e+01 4.979655019902697433e+01
7.200000000000000000e+01 5.271764705882352331e+01 4.890092879256965830e+01
7.400000000000000000e+01 5.206823529411764184e+01 4.825077399380803911e+01
7.600000000000000000e+01 5.134588235294116743e+01 4.753427686864218771e+01
7.800000000000000000e+01 5.053647058823528226e+01 4.666961521450684813e+01
8.000000000000000000e+01 4.962823529411764412e+01 4.575630252100839357e+01
8.200000000000000000e+01 4.878588235294117226e+01 4.492481203007518076e+01
8.400000000000000000e+01 4.821411764705881353e+01 4.442282176028305685e+01
8.600000000000000000e+01 4.744470588235293462e+01 4.371517027863776406e+01
8.800000000000000000e+01 4.667529411764705571e+01 4.304511278195488444e+01
9.000000000000000000e+01 4.596000000000000085e+01 4.237505528527199772e+01
9.200000000000000000e+01 4.521647058823528909e+01 4.173595754091109455e+01
9.400000000000000000e+01 4.462352941176470722e+01 4.116099071207430171e+01
9.600000000000000000e+01 4.402117647058823025e+01 4.063688633348075285e+01
9.800000000000000000e+01 4.323058823529412109e+01 3.998894294559929108e+01
1.000000000000000000e+02 4.272470588235294287e+01 3.952454666076956613e+01
1.020000000000000000e+02 4.226352941176470068e+01 3.909774436090225436e+01
1.040000000000000000e+02 4.163764705882352501e+01 3.853604599734629943e+01
1.060000000000000000e+02 4.101647058823529335e+01 3.798761609907120373e+01
1.080000000000000000e+02 4.029882352941176293e+01 3.730207872622732879e+01
1.100000000000000000e+02 3.972470588235294287e+01 3.671163202122954061e+01
1.120000000000000000e+02 3.915529411764705969e+01 3.616541353383458102e+01
1.140000000000000000e+02 3.866352941176470637e+01 3.572091994692613781e+01
1.160000000000000000e+02 3.827764705882352558e+01 3.535382574082264284e+01
1.180000000000000000e+02 3.764941176470588147e+01 3.480981866430781935e+01
1.200000000000000000e+02 3.713411764705882234e+01 3.435426802299866722e+01
1.220000000000000000e+02 3.673176470588235532e+01 3.397169394073418403e+01
1.240000000000000000e+02 3.619058823529411484e+01 3.347191508182219621e+01
1.260000000000000000e+02 3.567294117647058727e+01 3.298982750995134694e+01
1.280000000000000000e+02 3.535058823529411143e+01 3.267359575409111017e+01
1.300000000000000000e+02 3.489647058823529591e+01 3.224679345422379129e+01
1.320000000000000000e+02 3.451058823529411512e+01 3.185537372843873882e+01
1.340000000000000000e+02 3.415058823529411569e+01 3.158337019018133063e+01
1.360000000000000000e+02 3.381176470588235361e+01 3.129809818664307741e+01
1.380000000000000000e+02 3.324000000000000199e+01 3.079168509509066354e+01
1.400000000000000000e+02 3.296705882352940620e+01 3.050420168067226712e+01
1.420000000000000000e+02 3.274352941176470466e+01 3.029854046881910179e+01
1.440000000000000000e+02 3.242588235294117993e+01 3.003095975232197645e+01
1.460000000000000000e+02 3.200705882352941245e+01 2.973020787262272790e+01
1.480000000000000000e+02 3.169176470588234906e+01 2.944493586908447114e+01
1.500000000000000000e+02 3.115058823529411569e+01 2.894515701017248688e+01
