0.000000000000000000e+00 3.373176470588234821e+01 3.241928350287483340e+01
2.000000000000000000e+00 3.428941176470588204e+01 3.881468376824413724e+01
4.000000000000000000e+00 3.551764705882352757e+01 4.467271118973904720e+01
6.000000000000000000e+00 3.831058823529411939e+01 5.340114993365767049e+01
8.000000000000000000e+00 4.033647058823529363e+01 5.840999557717822910e+01
1.000000000000000000e+01 4.205176470588235560e+01 6.209641751437415991e+01
1.200000000000000000e+01 4.395058823529411995e+01 6.597523219814240747e+01
1.400000000000000000e+01 4.631764705882353184e+01 6.938080495356037147e+01
1.600000000000000000e+01 4.808705882352940364e+01 7.279743476337903019e+01
1.800000000000000000e+01 4.998117647058822399e+01 7.528748341441838932e+01
2.000000000000000000e+01 5.243294117647057817e+01 7.730650154798760809e+01
2.200000000000000000e+01 5.470823529411764241e+01 7.926581158779301006e+01
2.400000000000000000e+01 5.697176470588235020e+01 8.200132684652807313e+01
2.600000000000000000e+01 5.852705882352940137e+01 8.299425033171162625e+01
2.800000000000000000e+01 5.955764705882351961e+01 7.623175586023883454e+01
3.000000000000000000e+01 5.914352941176469614e+01 6.984077841662980290e+01
3.200000000000000000e+01 5.851058823529410802e+01 6.684652808491816245e+01
3.400000000000000000e+01 5.755999999999999517e+01 6.303847854931446193e+01
3.600000000000000000e+01 5.628470588235293093e+01 6.028306059265811001e+01
3.800000000000000000e+01 5.518352941176470239e+01 5.800088456435204876e+01
4.000000000000000000e+01 5.426117647058822513e+01 5.601946041574523605e+01
4.200000000000000000e+01 5.342352941176469727e+01 5.422158337019017438e+01
4.400000000000000000e+01 5.255058823529411427e+01 5.302963290579389621e+01
4.600000000000000000e+01 5.171764705882352331e+01 5.156346749226005954e+01
4.800000000000000000e+01 5.073882352941175355e+01 5.026094648385669217e+01
5.000000000000000000e+01 4.987058823529411455e+01 4.902919062361786473e+01
5.200000000000000000e+01 4.924941176470587578e+01 4.817779743476337018e+01
5.400000000000000000e+01 4.845411764705881552e+01 4.728217602830606126e+01
5.600000000000000000e+01 4.754823529411763872e+01 4.629809818664307386e+01
5.800000000000000000e+01 4.687529411764705145e+01 4.553073861123396426e+01
6.000000000000000000e+01 4.596000000000000085e+01 4.464396284829720685e+01
6.200000000000000000e+01 4.525411764705881978e+01 4.390535161432993760e+01
6.400000000000000000e+01 4.455764705882352672e+01 4.316010614772224585e+01
6.600000000000000000e+01 4.397411764705881865e+01 4.241707209199469020e+01
6.800000000000000000e+01 4.338823529411764923e+01 4.185316231755859917e+01
7.000000000000000000e+01 4.274352941176470466e+01 4.111012826183104352e+01
7.200000000000000000e+01 4.212941176470587834e+01 4.057938965059707925e+01
7.400000000000000000e+01 4.153647058823529647e+01 3.988279522335249538e+01
7.600000000000000000e+01 4.100470588235294400e+01 3.938743918620079398e+01
7.800000000000000000e+01 4.044941176470587862e+01 3.873949579831932510e+01
8.000000000000000000e+01 4.004235294117646760e+01 3.828836797877045228e+01
8.200000000000000000e+01 3.936470588235293633e+01 3.773551525873507018e+01
8.400000000000000000e+01 3.863764705882353212e+01 3.704997788589119523e+01
8.600000000000000000e+01 3.829882352941176293e+01 3.668288367978770026e+01
8.800000000000000000e+01 3.779294117647058471e+01 3.625165855816010207e+01
9.000000000000000000e+01 3.730588235294117538e+01 3.571428571428570820e+01
9.200000000000000000e+01 3.671764705882352331e+01 3.521892967713400679e+01
9.400000000000000000e+01 3.612941176470587834e+01 3.458646616541352614e+01
9.600000000000000000e+01 3.560941176470588232e+01 3.414418398938521904e+01
9.800000000000000000e+01 3.533176470588234963e+01 3.382352941176470296e+01
1.000000000000000000e+02 3.503764705882353070e+01 3.349845201238389336e+01
1.020000000000000000e+02 3.464705882352941302e+01 3.314241486068110731e+01
1.040000000000000000e+02 3.418823529411764639e+01 3.266696152145068055e+01
