0.000000000000000000e+00 3.330117647058823138e+01 3.209862892525431022e+01
2.000000000000000000e+00 3.392470588235293860e+01 4.381689517912427334e+01
4.000000000000000000e+00 3.650117647058823422e+01 7.440513047324192542e+01
6.000000000000000000e+00 4.064705882352941302e+01 9.385006634232640010e+01
8.000000000000000000e+00 4.672705882352941131e+01 1.104245908889871686e+02
1.000000000000000000e+01 5.307764705882352274e+01 1.289849624060150290e+02
1.200000000000000000e+01 5.880470588235292695e+01 1.395820433436532255e+02
1.400000000000000000e+01 6.238823529411764213e+01 1.467647058823529278e+02
1.600000000000000000e+01 6.783999999999998920e+01 1.355705440070765064e+02
1.800000000000000000e+01 7.021882352941175043e+01 1.217226890756302424e+02
2.000000000000000000e+01 7.092235294117645594e+01 1.141884122069880476e+02
2.200000000000000000e+01 7.121411764705881353e+01 1.045754091110128314e+02
2.400000000000000000e+01 7.089882352941175725e+01 9.685316231755858496e+01
2.600000000000000000e+01 7.038117647058821547e+01 9.110349402919061390e+01
2.800000000000000000e+01 6.959529411764704321e+01 8.676912870411321421e+01
3.000000000000000000e+01 6.885411764705881410e+01 8.255417956656346234e+01
3.200000000000000000e+01 6.803529411764704093e+01 7.854710305174700125e+01
3.400000000000000000e+01 6.695058823529410574e+01 7.570544007076514958e+01
3.600000000000000000e+01 6.563529411764704946e+01 7.200796107916849564e+01
3.800000000000000000e+01 6.458352941176468676e+01 6.984741264927022542e+01
4.000000000000000000e+01 6.288705882352940080e+01 6.674922600619194668e+01
4.200000000000000000e+01 6.217647058823528283e+01 6.405572755417955477e+01
4.400000000000000000e+01 6.156470588235293206e+01 6.235515258735073019e+01
4.600000000000000000e+01 6.002588235294116714e+01 6.038478549314461929e+01
4.800000000000000000e+01 5.889411764705881325e+01 5.875718708536045654e+01
5.000000000000000000e+01 5.773176470588234110e+01 5.737284387439185451e+01
5.200000000000000000e+01 5.665882352941175526e+01 5.590888987173816815e+01
5.400000000000000000e+01 5.534352941176469187e+01 5.473241928350287111e+01
5.600000000000000000e+01 5.392470588235293150e+01 5.368863334807606691e+01
5.800000000000000000e+01 5.325882352941174958e+01 5.259840778416629092e+01
6.000000000000000000e+01 5.194352941176470040e+01 5.145953118089340705e+01
6.200000000000000000e+01 5.089882352941175725e+01 5.031623175586023677e+01
6.400000000000000000e+01 5.016705882352940193e+01 4.942282176028305685e+01
6.600000000000000000e+01 4.916941176470587038e+01 4.836576735957540762e+01
6.800000000000000000e+01 4.827294117647057448e+01 4.733524988942944844e+01
7.000000000000000000e+01 4.758823529411764497e+01 4.653029632905793278e+01
7.200000000000000000e+01 4.671764705882353041e+01 4.561256081379919891e+01
7.400000000000000000e+01 4.599294117647058755e+01 4.492038920831490145e+01
7.600000000000000000e+01 4.529176470588235048e+01 4.419946926138876364e+01
7.800000000000000000e+01 4.464941176470588147e+01 4.332375055285271515e+01
8.000000000000000000e+01 4.392941176470587550e+01 4.265811587793011483e+01
8.200000000000000000e+01 4.332941176470588118e+01 4.192835028748341131e+01
8.400000000000000000e+01 4.283529411764705941e+01 4.134232640424590244e+01
8.600000000000000000e+01 4.217411764705882149e+01 4.069659442724457676e+01
8.800000000000000000e+01 4.156941176470588317e+01 4.012383900928792002e+01
9.000000000000000000e+01 4.073176470588235532e+01 3.939407341884121649e+01
9.200000000000000000e+01 4.005411764705882405e+01 3.886996904024767474e+01
9.400000000000000000e+01 3.945411764705882263e+01 3.819991154356478802e+01
9.600000000000000000e+01 3.898117647058823110e+01 3.766032728881025804e+01
9.800000000000000000e+01 3.844470588235294173e+01 3.706766917293232666e+01
1.000000000000000000e+02 3.781176470588234650e+01 3.644626271561255493e+01
1.020000000000000000e+02 3.711058823529411654e+01 3.568332596196373174e+01
1.040000000000000000e+02 3.650117647058823422e+01 3.518575851393188714e+01
1.060000000000000000e+02 3.585647058823528965e+01 3.455329500221140648e+01
1.080000000000000000e+02 3.540941176470587948e+01 3.415524104378593506e+01
1.100000000000000000e+02 3.488941176470588346e+01 3.376824413976116546e+01
1.120000000000000000e+02 3.439764705882352303e+01 3.319106590004422230e+01
1.140000000000000000e+02 3.396705882352940620e+01 3.279080053073860768e+01
1.160000000000000000e+02 3.369411764705882462e+01 3.249889429455992484e+01
1.180000000000000000e+02 3.339294117647058613e+01 3.220256523662096271e+01
