0.000000000000000000e+00 3.347764705882352843e+01 3.150597080937637529e+01
2.000000000000000000e+00 3.890117647058823280e+01 6.373286156567890259e+01
4.000000000000000000e+00 4.587529411764705856e+01 9.518133569217160073e+01
6.000000000000000000e+00 6.261176470588235077e+01 1.467691287041132000e+02
8.000000000000000000e+00 6.655529411764705117e+01 2.093144626271561322e+02
1.000000000000000000e+01 6.902588235294116714e+01 2.201149933657673898e+02
1.200000000000000000e+01 8.183058823529410120e+01 2.001105705440070892e+02
1.400000000000000000e+01 8.656705882352940762e+01 1.856258292790800510e+02
1.600000000000000000e+01 9.070588235294117396e+01 1.662361786819990925e+02
1.800000000000000000e+01 9.291529411764705060e+01 1.501702786377708776e+02
2.000000000000000000e+01 9.670588235294117396e+01 1.359376382131800085e+02
2.200000000000000000e+01 9.773176470588234110e+01 1.243542680229986530e+02
2.400000000000000000e+01 9.700235294117646845e+01 1.178084918177797391e+02
2.600000000000000000e+01 9.575529411764705401e+01 1.113135780628040550e+02
2.800000000000000000e+01 9.444235294117648039e+01 1.039097744360902311e+02
3.000000000000000000e+01 9.267999999999999261e+01 1.002299867315347086e+02
3.200000000000000000e+01 9.042588235294115862e+01 9.744360902255637313e+01
3.400000000000000000e+01 8.941411764705881637e+01 9.304068996019459803e+01
3.600000000000000000e+01 8.681882352941175895e+01 8.968376824413975612e+01
3.800000000000000000e+01 8.573882352941176066e+01 8.643078283945156670e+01
4.000000000000000000e+01 8.375999999999999091e+01 8.327509951348959305e+01
4.200000000000000000e+01 8.126117647058822513e+01 8.106590004422821494e+01
4.400000000000000000e+01 7.894823529411763730e+01 7.933215391419724938e+01
4.600000000000000000e+01 7.791529411764705060e+01 7.718487394957982417e+01
4.800000000000000000e+01 7.619764705882352018e+01 7.501990269792126753e+01
5.000000000000000000e+01 7.514352941176470324e+01 7.356258292790799658e+01
5.200000000000000000e+01 7.331058823529410517e+01 7.162980981866429886e+01
5.400000000000000000e+01 7.168705882352941217e+01 6.998230871295886857e+01
5.600000000000000000e+01 7.034588235294117453e+01 6.836576735957540052e+01
5.800000000000000000e+01 6.908235294117646674e+01 6.665855816010613921e+01
6.000000000000000000e+01 6.745411764705882263e+01 6.450906678460857790e+01
6.200000000000000000e+01 6.644235294117646617e+01 6.351393188854488869e+01
6.400000000000000000e+01 6.519294117647058329e+01 6.215391419725784772e+01
6.600000000000000000e+01 6.397882352941174844e+01 6.090667846085802495e+01
6.800000000000000000e+01 6.231294117647058073e+01 5.930119416187527293e+01
7.000000000000000000e+01 6.140705882352940392e+01 5.843874391862006945e+01
7.200000000000000000e+01 6.021647058823528198e+01 5.730650154798760809e+01
7.400000000000000000e+01 5.921647058823528198e+01 5.632905793896505742e+01
7.600000000000000000e+01 5.811294117647057789e+01 5.522777532065457251e+01
7.800000000000000000e+01 5.696235294117646930e+01 5.408668730650153833e+01
8.000000000000000000e+01 5.601176470588234224e+01 5.311366651923926696e+01
8.200000000000000000e+01 5.509411764705881609e+01 5.217823971693939455e+01
8.400000000000000000e+01 5.422117647058822598e+01 5.130030959752320996e+01
8.600000000000000000e+01 5.319294117647058329e+01 5.024767801857584004e+01
8.800000000000000000e+01 5.240470588235293548e+01 4.949358690844758257e+01
9.000000000000000000e+01 5.145882352941175952e+01 4.862229102167182759e+01
9.200000000000000000e+01 5.053176470588234537e+01 4.775984077841662412e+01
9.400000000000000000e+01 4.981176470588234650e+01 4.710968597965501914e+01
9.600000000000000000e+01 4.889176470588233769e+01 4.611455108359132282e+01
9.800000000000000000e+01 4.819999999999998863e+01 4.571870853604599461e+01
1.000000000000000000e+02 4.734352941176469898e+01 4.487837240159220897e+01
1.020000000000000000e+02 4.649176470588234622e+01 4.408889871738168864e+01
1.040000000000000000e+02 4.584705882352940876e+01 4.349402919062361406e+01
1.060000000000000000e+02 4.518823529411764639e+01 4.294117647058823195e+01
1.080000000000000000e+02 4.421411764705882064e+01 4.208757187085360130e+01
1.100000000000000000e+02 4.381882352941176606e+01 4.171163202122954061e+01
1.120000000000000000e+02 4.318117647058823394e+01 4.109243697478991209e+01
1.140000000000000000e+02 4.256235294117646362e+01 4.039805395842547142e+01
1.160000000000000000e+02 4.208705882352941074e+01 3.985404688191065503e+01
1.180000000000000000e+02 4.160470588235293832e+01 3.921273772666960866e+01
1.200000000000000000e+02 4.072235294117646731e+01 3.857363998230871260e+01
1.220000000000000000e+02 4.013647058823529079e+01 3.798761609907120373e+01
1.240000000000000000e+02 3.961882352941176322e+01 3.750995134896063377e+01
1.260000000000000000e+02 3.897647058823529420e+01 3.694161875276425633e+01
1.280000000000000000e+02 3.845882352941176663e+01 3.643299425033170991e+01
1.300000000000000000e+02 3.803058823529411825e+01 3.601503759398495674e+01
1.320000000000000000e+02 3.747294117647058442e+01 3.549093321539141499e+01
1.340000000000000000e+02 3.697411764705882575e+01 3.503538257408225576e+01
1.360000000000000000e+02 3.648470588235294088e+01 3.456656346749225861e+01
1.380000000000000000e+02 3.603529411764705515e+01 3.414197257850508294e+01
1.400000000000000000e+02 3.559294117647058897e+01 3.372180451127819367e+01
1.420000000000000000e+02 3.510117647058823565e+01 3.325740822644846872e+01
1.440000000000000000e+02 3.472235294117646731e+01 3.286598850066341981e+01
1.460000000000000000e+02 3.428235294117646959e+01 3.242370632463511271e+01
1.480000000000000000e+02 3.390352941176470836e+01 3.204776647501105202e+01
1.500000000000000000e+02 3.347294117647058442e+01 3.161875276426359704e+01
