0.000000000000000000e+00 4.173882352941176066e+01 3.892967713401149865e+01
2.000000000000000000e+00 4.665176470588234992e+01 6.015479876160989647e+01
4.000000000000000000e+00 5.593176470588235105e+01 8.294559929234850415e+01
6.000000000000000000e+00 6.535058823529411143e+01 9.947589562140643693e+01
8.000000000000000000e+00 7.438352941176469812e+01 1.155860238832375018e+02
1.000000000000000000e+01 8.295294117647057419e+01 1.309641751437416985e+02
1.200000000000000000e+01 9.105882352941175384e+01 1.414285714285714164e+02
1.400000000000000000e+01 9.781882352941175895e+01 1.505904467049977882e+02
1.600000000000000000e+01 9.934823529411765719e+01 1.365081822202565149e+02
1.800000000000000000e+01 9.770117647058823707e+01 1.265833701901813271e+02
2.000000000000000000e+01 9.518588235294116373e+01 1.161322423706324543e+02
2.200000000000000000e+01 9.345882352941175952e+01 1.104887218045112576e+02
2.400000000000000000e+01 9.083999999999998920e+01 1.031335692171605274e+02
2.600000000000000000e+01 8.864470588235293746e+01 9.703228659885006380e+01
2.800000000000000000e+01 8.625176470588233713e+01 9.239716939407341556e+01
3.000000000000000000e+01 8.444705882352940307e+01 8.880804953560371473e+01
3.200000000000000000e+01 8.216470588235293349e+01 8.444714727996461079e+01
3.400000000000000000e+01 8.058823529411763786e+01 8.174038036267137386e+01
3.600000000000000000e+01 7.859529411764705742e+01 7.885006634232640010e+01
3.800000000000000000e+01 7.673411764705880955e+01 7.603051747014595207e+01
4.000000000000000000e+01 7.494352941176470040e+01 7.348076072534276193e+01
4.200000000000000000e+01 7.396941176470588175e+01 7.197921273772666950e+01
4.400000000000000000e+01 7.246823529411763332e+01 7.007297655904466183e+01
4.600000000000000000e+01 7.060941176470586811e+01 6.799646174259176235e+01
4.800000000000000000e+01 6.920235294117647129e+01 6.632242370632462780e+01
5.000000000000000000e+01 6.822823529411763843e+01 6.517912428129146463e+01
5.200000000000000000e+01 6.662117647058822456e+01 6.323087129588676447e+01
5.400000000000000000e+01 6.557411764705881296e+01 6.225785050862450021e+01
5.600000000000000000e+01 6.443058823529410972e+01 6.085581601061476675e+01
5.800000000000000000e+01 6.301647058823528624e+01 5.951348960636885721e+01
6.000000000000000000e+01 6.194588235294116885e+01 5.829721362229101800e+01
6.200000000000000000e+01 6.101647058823528624e+01 5.751216275984076987e+01
6.400000000000000000e+01 6.001411764705881069e+01 5.645289694825297744e+01
6.600000000000000000e+01 5.899529411764704889e+01 5.548429898275098537e+01
6.800000000000000000e+01 5.803294117647057959e+01 5.439407341884120939e+01
7.000000000000000000e+01 5.690352941176469415e+01 5.336576735957540052e+01
7.200000000000000000e+01 5.581882352941175185e+01 5.243476337903581452e+01
7.400000000000000000e+01 5.514588235294116458e+01 5.168951791242812988e+01
7.600000000000000000e+01 5.435294117647058698e+01 5.086245024325518926e+01
7.800000000000000000e+01 5.328705882352940648e+01 4.991154356479433574e+01
8.000000000000000000e+01 5.241882352941175327e+01 4.912870411322423081e+01
8.200000000000000000e+01 5.174823529411764156e+01 4.850508624502432298e+01
8.400000000000000000e+01 5.082117647058822740e+01 4.759398496240601162e+01
8.600000000000000000e+01 5.017647058823528994e+01 4.700353825740821634e+01
8.800000000000000000e+01 4.939058823529411058e+01 4.620964175143740960e+01
9.000000000000000000e+01 4.869411764705881041e+01 4.545555064130915213e+01
9.200000000000000000e+01 4.812705882352940279e+01 4.497567448031843895e+01
9.400000000000000000e+01 4.749176470588234622e+01 4.435647943387881043e+01
9.600000000000000000e+01 4.694823529411764440e+01 4.372401592215832977e+01
9.800000000000000000e+01 4.610352941176470409e+01 4.298319327731092443e+01
1.000000000000000000e+02 4.560235294117646987e+01 4.258071649712515949e+01
1.020000000000000000e+02 4.503294117647058670e+01 4.206103494029190415e+01
1.040000000000000000e+02 4.441647058823529193e+01 4.138876603272887422e+01
1.060000000000000000e+02 4.393882352941176350e+01 4.101282618310482064e+01
1.080000000000000000e+02 4.331294117647058783e+01 4.042680229986731177e+01
1.100000000000000000e+02 4.279294117647058471e+01 3.999557717823971359e+01
1.120000000000000000e+02 4.231058823529411228e+01 3.949358690844758257e+01
1.140000000000000000e+02 4.155764705882352672e+01 3.867757629367535799e+01
