0.000000000000000000e+00 4.098823529411764355e+01 3.909995577178239756e+01
2.000000000000000000e+00 4.243529411764706083e+01 4.954887218045112007e+01
4.000000000000000000e+00 4.825647058823528823e+01 6.170057496682882459e+01
6.000000000000000000e+00 5.331294117647058783e+01 7.474126492702343683e+01
8.000000000000000000e+00 5.774823529411764156e+01 8.098186643078282998e+01
1.000000000000000000e+01 6.298352941176469244e+01 9.284387439186201618e+01
1.200000000000000000e+01 6.996941176470588175e+01 1.016165413533834396e+02
1.400000000000000000e+01 7.151529411764704491e+01 1.152830605926581029e+02
1.600000000000000000e+01 8.283764705882352075e+01 1.284188412206987948e+02
1.800000000000000000e+01 8.176470588235292780e+01 1.224546660769570821e+02
2.000000000000000000e+01 7.674117647058822911e+01 1.162936753648827874e+02
2.200000000000000000e+01 8.032235294117646163e+01 1.075652366209641571e+02
2.400000000000000000e+01 8.267058823529410461e+01 9.831490490933215654e+01
2.600000000000000000e+01 7.746117647058822797e+01 9.473905351614328652e+01
2.800000000000000000e+01 7.653411764705882092e+01 9.049093321539140788e+01
3.000000000000000000e+01 7.515529411764704548e+01 8.761831048208756556e+01
3.200000000000000000e+01 7.525176470588235134e+01 8.381026094648385083e+01
3.400000000000000000e+01 7.277882352941175270e+01 8.149933657673595633e+01
3.600000000000000000e+01 7.211529411764705344e+01 7.886554621848739544e+01
3.800000000000000000e+01 7.056235294117645651e+01 7.713180008845642988e+01
4.000000000000000000e+01 6.937647058823527857e+01 7.483193277310924429e+01
4.200000000000000000e+01 6.841176470588234793e+01 7.230207872622732168e+01
4.400000000000000000e+01 6.725176470588233713e+01 7.083591331269349212e+01
4.600000000000000000e+01 6.623529411764705799e+01 6.890535161432993050e+01
4.800000000000000000e+01 6.534588235294116032e+01 6.724458204334364098e+01
5.000000000000000000e+01 6.411764705882352189e+01 6.522998673153470861e+01
5.200000000000000000e+01 6.260235294117645566e+01 6.408447589562139513e+01
5.400000000000000000e+01 6.219058823529411484e+01 6.320875718708535373e+01
5.600000000000000000e+01 6.115999999999999659e+01 6.152366209641750316e+01
5.800000000000000000e+01 6.031058823529410517e+01 6.050641309155240322e+01
6.000000000000000000e+01 5.955058823529411427e+01 5.906457319770012759e+01
6.200000000000000000e+01 5.879764705882352160e+01 5.851835471030516800e+01
6.400000000000000000e+01 5.751999999999999602e+01 5.772003538257408195e+01
6.600000000000000000e+01 5.657176470588233741e+01 5.625608137992038138e+01
6.800000000000000000e+01 5.643999999999999062e+01 5.555948695267580462e+01
7.000000000000000000e+01 5.519764705882352018e+01 5.455108359133127038e+01
7.200000000000000000e+01 5.440470588235293548e+01 5.360238832375054585e+01
7.400000000000000000e+01 5.391764705882351905e+01 5.279080053073860768e+01
7.600000000000000000e+01 5.318117647058822683e+01 5.202344095532949808e+01
7.800000000000000000e+01 5.252235294117645736e+01 5.132463511720477101e+01
8.000000000000000000e+01 5.167999999999998550e+01 5.045997346306943854e+01
8.200000000000000000e+01 5.099529411764705600e+01 4.987616099071206577e+01
8.400000000000000000e+01 5.009647058823528454e+01 4.903803626713842334e+01
8.600000000000000000e+01 4.977176470588234736e+01 4.850950906678460228e+01
8.800000000000000000e+01 4.899294117647058044e+01 4.781954887218044803e+01
9.000000000000000000e+01 4.850117647058822712e+01 4.711410880141529844e+01
9.200000000000000000e+01 4.788235294117645680e+01 4.626713843432109741e+01
9.400000000000000000e+01 4.726588235294116913e+01 4.566784608580272931e+01
9.600000000000000000e+01 4.672941176470587976e+01 4.517027863777089181e+01
9.800000000000000000e+01 4.616235294117646504e+01 4.453560371517027505e+01
1.000000000000000000e+02 4.553882352941176492e+01 4.407341884122069331e+01
1.020000000000000000e+02 4.489882352941176435e+01 4.359354268022998014e+01
1.040000000000000000e+02 4.432705882352941273e+01 4.297434763379035871e+01
1.060000000000000000e+02 4.377411764705882291e+01 4.250995134896063377e+01
1.080000000000000000e+02 4.323529411764705799e+01 4.197921273772666240e+01
1.100000000000000000e+02 4.282823529411764696e+01 4.141751437417072168e+01
1.120000000000000000e+02 4.240705882352941103e+01 4.106811145510835814e+01
1.140000000000000000e+02 4.181647058823529051e+01 4.052410437859354175e+01
1.160000000000000000e+02 4.143999999999999773e+01 4.003980539584254217e+01
1.180000000000000000e+02 4.078352941176470381e+01 3.951348960636885721e+01
