0.000000000000000000e+00 4.283294117647058386e+01 3.992038920831490145e+01
2.000000000000000000e+00 4.491294117647058926e+01 4.525431225121626966e+01
4.000000000000000000e+00 4.915764705882352814e+01 5.322865988500662837e+01
6.000000000000000000e+00 5.265647058823528681e+01 5.833701901813356017e+01
8.000000000000000000e+00 5.606823529411763474e+01 6.316010614772224585e+01
1.000000000000000000e+01 5.963764705882351791e+01 6.781733746130029772e+01
1.200000000000000000e+01 6.325411764705881978e+01 7.243034055727554232e+01
1.400000000000000000e+01 6.573411764705880955e+01 7.513047324192834253e+01
1.600000000000000000e+01 6.774352941176469756e+01 7.770455550641308662e+01
1.800000000000000000e+01 7.110117647058822854e+01 8.077399380804952500e+01
2.000000000000000000e+01 7.304470588235294315e+01 8.298982750995133983e+01
2.200000000000000000e+01 7.619764705882352018e+01 8.563467492260060965e+01
2.400000000000000000e+01 7.862823529411764412e+01 8.789915966386554658e+01
2.600000000000000000e+01 7.799058823529411200e+01 8.420831490490932936e+01
2.800000000000000000e+01 7.577176470588234736e+01 7.928571428571427759e+01
3.000000000000000000e+01 7.405411764705881694e+01 7.574524546660768465e+01
3.200000000000000000e+01 7.183294117647056964e+01 7.172047766475010633e+01
3.400000000000000000e+01 7.001411764705882490e+01 6.880583812472356442e+01
3.600000000000000000e+01 6.886588235294115634e+01 6.710084033613445342e+01
3.800000000000000000e+01 6.718823529411763218e+01 6.478991596638654471e+01
4.000000000000000000e+01 6.573647058823527800e+01 6.297434763379035871e+01
4.200000000000000000e+01 6.416470588235293349e+01 6.112781954887216784e+01
4.400000000000000000e+01 6.303999999999999204e+01 5.982972136222909398e+01
4.600000000000000000e+01 6.173647058823528511e+01 5.846085802742148729e+01
4.800000000000000000e+01 6.064235294117646191e+01 5.715170278637770451e+01
5.000000000000000000e+01 5.966588235294117482e+01 5.601503759398495674e+01
5.200000000000000000e+01 5.834352941176469898e+01 5.474347633790357293e+01
5.400000000000000000e+01 5.747294117647057732e+01 5.376160990712073584e+01
5.600000000000000000e+01 5.651764705882352047e+01 5.289915966386554658e+01
5.800000000000000000e+01 5.550352941176469557e+01 5.189739053516142775e+01
6.000000000000000000e+01 5.453411764705881382e+01 5.083591331269349212e+01
6.200000000000000000e+01 5.389176470588235190e+01 5.018354710305174393e+01
6.400000000000000000e+01 5.294588235294116885e+01 4.939186200796107329e+01
6.600000000000000000e+01 5.214588235294116458e+01 4.862892525431224300e+01
6.800000000000000000e+01 5.110352941176470409e+01 4.765369305616983553e+01
7.000000000000000000e+01 5.041411764705881637e+01 4.702565236620964129e+01
7.200000000000000000e+01 4.966588235294116771e+01 4.633126934984520062e+01
7.400000000000000000e+01 4.887764705882351990e+01 4.549535603715170140e+01
7.600000000000000000e+01 4.837411764705881723e+01 4.509287925696593646e+01
7.800000000000000000e+01 4.745882352941175952e+01 4.425696594427244435e+01
8.000000000000000000e+01 4.685882352941176521e+01 4.369526758071649652e+01
8.200000000000000000e+01 4.634117647058823053e+01 4.319106590004422230e+01
8.400000000000000000e+01 4.590352941176470125e+01 4.269792127377266411e+01
8.600000000000000000e+01 4.504235294117646760e+01 4.200574966828836665e+01
8.800000000000000000e+01 4.449882352941175867e+01 4.151039363113666525e+01
9.000000000000000000e+01 4.407764705882352274e+01 4.105042016806721961e+01
9.200000000000000000e+01 4.347294117647059153e+01 4.049977885891198071e+01
9.400000000000000000e+01 4.289411764705882035e+01 3.995134896063688501e+01
