0.000000000000000000e+00 3.996470588235293775e+01 3.856700574966828299e+01
2.000000000000000000e+00 5.101411764705881779e+01 8.281291463954002552e+01
4.000000000000000000e+00 6.479764705882351450e+01 1.280517470145952927e+02
6.000000000000000000e+00 8.164470588235293746e+01 1.724745687748783496e+02
8.000000000000000000e+00 1.026517647058823570e+02 2.165590446704997873e+02
1.000000000000000000e+01 1.048164705882352905e+02 2.030097302078726500e+02
1.200000000000000000e+01 1.054047058823529426e+02 1.834431667403803772e+02
1.400000000000000000e+01 1.051082352941176481e+02 1.646107916850950801e+02
1.600000000000000000e+01 1.037905882352941092e+02 1.487726669615214519e+02
1.800000000000000000e+01 1.016588235294117624e+02 1.381092436974790019e+02
2.000000000000000000e+01 9.871294117647059352e+01 1.299292348518354743e+02
2.200000000000000000e+01 9.769647058823528596e+01 1.214683768244139657e+02
2.400000000000000000e+01 9.533176470588236384e+01 1.155218929677133843e+02
2.600000000000000000e+01 9.343999999999998352e+01 1.094493586908447469e+02
2.800000000000000000e+01 8.991058823529409949e+01 1.061233967271118814e+02
3.000000000000000000e+01 8.838823529411763502e+01 9.876824413976115125e+01
3.200000000000000000e+01 8.708941176470587209e+01 9.461963732861563869e+01
3.400000000000000000e+01 8.581882352941175895e+01 9.124944714727995176e+01
3.600000000000000000e+01 8.387294117647057590e+01 8.781733746130029772e+01
3.800000000000000000e+01 8.181176470588233940e+01 8.455992923485182189e+01
4.000000000000000000e+01 7.971999999999998465e+01 8.193056169836354741e+01
4.200000000000000000e+01 7.803294117647057249e+01 7.961521450685536649e+01
4.400000000000000000e+01 7.610117647058822854e+01 7.686864219371958029e+01
4.600000000000000000e+01 7.449882352941175157e+01 7.495577178239716432e+01
4.800000000000000000e+01 7.287294117647057590e+01 7.261831048208756556e+01
5.000000000000000000e+01 7.144235294117646617e+01 7.107032286598850135e+01
5.200000000000000000e+01 6.990823529411764525e+01 6.892083149049092583e+01
5.400000000000000000e+01 6.839999999999999147e+01 6.709199469261388060e+01
5.600000000000000000e+01 6.681176470588233940e+01 6.543785935426801359e+01
5.800000000000000000e+01 6.519294117647058329e+01 6.367757629367535088e+01
6.000000000000000000e+01 6.369882352941175441e+01 6.205440070765147453e+01
6.200000000000000000e+01 6.277176470588234025e+01 6.098186643078283709e+01
6.400000000000000000e+01 6.138588235294116657e+01 5.940955329500221183e+01
6.600000000000000000e+01 6.038588235294116657e+01 5.823087129588677158e+01
6.800000000000000000e+01 5.897176470588235020e+01 5.682441397611675882e+01
7.000000000000000000e+01 5.795529411764704975e+01 5.576072534276868709e+01
7.200000000000000000e+01 5.661882352941175611e+01 5.440513047324192542e+01
7.400000000000000000e+01 5.540941176470587237e+01 5.321318000884564015e+01
7.600000000000000000e+01 5.441176470588234793e+01 5.240601503759398128e+01
7.800000000000000000e+01 5.339294117647057902e+01 5.139761167624943994e+01
8.000000000000000000e+01 5.238352941176469812e+01 5.035161432994249964e+01
8.200000000000000000e+01 5.128705882352940648e+01 4.920168067226889974e+01
8.400000000000000000e+01 5.040705882352939682e+01 4.835692171605484191e+01
8.600000000000000000e+01 4.946352941176469642e+01 4.742370632463511271e+01
8.800000000000000000e+01 4.845882352941175952e+01 4.641309155241042816e+01
9.000000000000000000e+01 4.755294117647058272e+01 4.548429898275099248e+01
9.200000000000000000e+01 4.666823529411764326e+01 4.456214064573197220e+01
9.400000000000000000e+01 4.607529411764706140e+01 4.396505970809376151e+01
9.600000000000000000e+01 4.529176470588235048e+01 4.321096859796549694e+01
9.800000000000000000e+01 4.428941176470588204e+01 4.231977001326846022e+01
1.000000000000000000e+02 4.366117647058823792e+01 4.172711189739053594e+01
1.020000000000000000e+02 4.301176470588234935e+01 4.114108801415301997e+01
1.040000000000000000e+02 4.207529411764705429e+01 4.030738611233967106e+01
1.060000000000000000e+02 4.150352941176470267e+01 3.968819106590004253e+01
1.080000000000000000e+02 4.083529411764705941e+01 3.904467049977885296e+01
1.100000000000000000e+02 3.982352941176470296e+01 3.808491817779743371e+01
