0.000000000000000000e+00 4.344235294117646617e+01 4.119195046439628527e+01
2.000000000000000000e+00 6.783529411764705230e+01 8.374170720919946120e+01
4.000000000000000000e+00 9.114352941176468903e+01 1.183325961963732738e+02
6.000000000000000000e+00 1.169082352941176453e+02 1.534188412206987948e+02
8.000000000000000000e+00 1.446588235294117624e+02 1.884365325077399405e+02
1.000000000000000000e+01 1.700188235294117760e+02 2.181711632021229548e+02
1.200000000000000000e+01 1.714282352941176555e+02 2.124038036267138523e+02
1.400000000000000000e+01 1.643388235294117408e+02 1.924281291463954062e+02
1.600000000000000000e+01 1.548729411764705901e+02 1.736797877045554799e+02
1.800000000000000000e+01 1.495600000000000023e+02 1.646218487394957890e+02
2.000000000000000000e+01 1.440682352941176418e+02 1.554842989827509712e+02
2.200000000000000000e+01 1.374776470588235213e+02 1.454400707651481355e+02
2.400000000000000000e+01 1.305223529411764503e+02 1.394383016364440380e+02
2.600000000000000000e+01 1.264470588235294173e+02 1.322357363998230824e+02
2.800000000000000000e+01 1.212211764705882331e+02 1.271561256081379838e+02
3.000000000000000000e+01 1.176894117647058806e+02 1.215656789031401956e+02
3.200000000000000000e+01 1.134752941176470529e+02 1.154732419283502907e+02
3.400000000000000000e+01 1.108964705882352888e+02 1.115877930119416135e+02
3.600000000000000000e+01 1.080729411764705929e+02 1.075895621406457252e+02
3.800000000000000000e+01 1.052964705882352945e+02 1.039827509951348787e+02
4.000000000000000000e+01 1.025952941176470574e+02 1.006877487837240039e+02
4.200000000000000000e+01 9.952941176470588402e+01 9.762273330384785197e+01
4.400000000000000000e+01 9.744705882352941728e+01 9.483414418398938039e+01
4.600000000000000000e+01 9.513647058823529790e+01 9.220919946926137811e+01
4.800000000000000000e+01 9.287058823529410745e+01 8.970588235294115975e+01
5.000000000000000000e+01 9.029176470588234338e+01 8.702344095532949098e+01
5.200000000000000000e+01 8.833411764705881808e+01 8.487837240159221608e+01
5.400000000000000000e+01 8.596705882352939909e+01 8.235072976559044378e+01
5.600000000000000000e+01 8.421647058823528198e+01 8.078726227333038423e+01
5.800000000000000000e+01 8.259999999999999432e+01 7.894957983193276618e+01
6.000000000000000000e+01 8.062588235294116146e+01 7.701901813356921878e+01
6.200000000000000000e+01 7.861647058823528766e+01 7.530075187969924855e+01
6.400000000000000000e+01 7.696235294117646220e+01 7.345643520566120799e+01
6.600000000000000000e+01 7.533647058823528653e+01 7.180893409995576349e+01
6.800000000000000000e+01 7.389176470588233769e+01 7.038257408226448320e+01
7.000000000000000000e+01 7.230588235294116828e+01 6.881910659000442365e+01
7.200000000000000000e+01 7.061411764705880501e+01 6.719814241486066919e+01
7.400000000000000000e+01 6.921176470588234508e+01 6.586245024325519637e+01
7.600000000000000000e+01 6.784235294117645765e+01 6.457540911101283143e+01
7.800000000000000000e+01 6.637647058823527857e+01 6.330163644405129730e+01
8.000000000000000000e+01 6.560941176470586811e+01 6.237284387439185451e+01
8.200000000000000000e+01 6.402588235294116714e+01 6.083591331269349212e+01
8.400000000000000000e+01 6.298588235294116799e+01 5.983635559486952360e+01
8.600000000000000000e+01 6.166823529411763616e+01 5.856700574966828299e+01
8.800000000000000000e+01 6.066352941176469926e+01 5.760946483856699274e+01
9.000000000000000000e+01 5.940705882352940392e+01 5.638876603272888133e+01
9.200000000000000000e+01 5.834117647058822342e+01 5.538036267138433288e+01
9.400000000000000000e+01 5.700235294117646134e+01 5.413754975674479653e+01
9.600000000000000000e+01 5.607294117647057874e+01 5.329942503317116120e+01
9.800000000000000000e+01 5.515999999999999659e+01 5.244582043343653055e+01
1.000000000000000000e+02 5.418588235294116373e+01 5.151260504201680845e+01
1.020000000000000000e+02 5.355058823529411427e+01 5.092215833701900607e+01
1.040000000000000000e+02 5.273647058823528511e+01 5.017912428129145752e+01
1.060000000000000000e+02 5.184705882352940876e+01 4.929677134011499362e+01
1.080000000000000000e+02 5.087058823529411455e+01 4.835249889429455550e+01
1.100000000000000000e+02 5.012235294117646589e+01 4.765590446704997163e+01
1.120000000000000000e+02 4.942588235294117283e+01 4.694383016364439953e+01
1.140000000000000000e+02 4.863999999999998636e+01 4.625829279080053169e+01
1.160000000000000000e+02 4.784705882352940165e+01 4.549314462627155820e+01
1.180000000000000000e+02 4.719058823529410773e+01 4.488500663423263859e+01
1.200000000000000000e+02 4.623764705882352644e+01 4.395842547545333900e+01
1.220000000000000000e+02 4.561176470588235077e+01 4.333038478549314476e+01
1.240000000000000000e+02 4.496235294117646930e+01 4.271782397169393874e+01
1.260000000000000000e+02 4.430823529411764383e+01 4.208093763821317168e+01
1.280000000000000000e+02 4.341647058823529193e+01 4.112339672711189564e+01
