0.000000000000000000e+00 4.596235294117646930e+01 4.237947810703228413e+01
2.000000000000000000e+00 4.618823529411764639e+01 5.648606811145510420e+01
4.000000000000000000e+00 4.688941176470588346e+01 6.261831048208756556e+01
6.000000000000000000e+00 4.863764705882352501e+01 7.199248120300751452e+01
8.000000000000000000e+00 5.101647058823528624e+01 8.061256081379919181e+01
1.000000000000000000e+01 5.253411764705882092e+01 8.507297655904466183e+01
1.200000000000000000e+01 5.460235294117646276e+01 9.029411764705881183e+01
1.400000000000000000e+01 5.708941176470587919e+01 9.596638655462183465e+01
1.600000000000000000e+01 5.936470588235292922e+01 1.008027421494913654e+02
1.800000000000000000e+01 6.081882352941175895e+01 1.033967271118973912e+02
2.000000000000000000e+01 6.294588235294116885e+01 1.069394073418841060e+02
2.200000000000000000e+01 6.459999999999999432e+01 1.094051304732419254e+02
2.400000000000000000e+01 6.625647058823527402e+01 1.113600176912870410e+02
2.600000000000000000e+01 6.830823529411763673e+01 1.143675364882794980e+02
2.800000000000000000e+01 7.041411764705881637e+01 1.168067226890756274e+02
3.000000000000000000e+01 7.175529411764705401e+01 1.189407341884121934e+02
3.200000000000000000e+01 7.312705882352940989e+01 1.206766917293232950e+02
3.400000000000000000e+01 7.514352941176470324e+01 1.228836797877045512e+02
3.600000000000000000e+01 7.684235294117647186e+01 1.245378151260504040e+02
3.800000000000000000e+01 7.786588235294117055e+01 1.257297655904467035e+02
4.000000000000000000e+01 7.976705882352941046e+01 1.274015922158336878e+02
4.200000000000000000e+01 8.086823529411763900e+01 1.283016364440512973e+02
4.400000000000000000e+01 8.188470588235293235e+01 1.173241928350287395e+02
4.600000000000000000e+01 8.199764705882351734e+01 1.094714727996461789e+02
4.800000000000000000e+01 8.140705882352941103e+01 1.013025210084033461e+02
5.000000000000000000e+01 8.064235294117645481e+01 9.602609464838566566e+01
5.200000000000000000e+01 7.942117647058822172e+01 9.088014153029632780e+01
5.400000000000000000e+01 7.793411764705881239e+01 8.558602388323750176e+01
5.600000000000000000e+01 7.691294117647058215e+01 8.189960194604157095e+01
5.800000000000000000e+01 7.542352941176469017e+01 7.820433436532506732e+01
6.000000000000000000e+01 7.445411764705882263e+01 7.603715170278637459e+01
6.200000000000000000e+01 7.318588235294116373e+01 7.307164971251657448e+01
6.400000000000000000e+01 7.180705882352940250e+01 7.074524546660769886e+01
6.600000000000000000e+01 7.071529411764704776e+01 6.863334807607253651e+01
6.800000000000000000e+01 6.938588235294116657e+01 6.652145068553735996e+01
7.000000000000000000e+01 6.791764705882351905e+01 6.478549314462625830e+01
7.200000000000000000e+01 6.705647058823528539e+01 6.366430782839450586e+01
7.400000000000000000e+01 6.571058823529411086e+01 6.202786377708977739e+01
7.600000000000000000e+01 6.438588235294116657e+01 6.002211410880141074e+01
7.800000000000000000e+01 6.361411764705881211e+01 5.923042901371074009e+01
8.000000000000000000e+01 6.256941176470587607e+01 5.786156567890313340e+01
8.200000000000000000e+01 6.134823529411764298e+01 5.671605484298981992e+01
8.400000000000000000e+01 6.021647058823528198e+01 5.536930561698363107e+01
8.600000000000000000e+01 5.950352941176469557e+01 5.472578505086244149e+01
8.800000000000000000e+01 5.840941176470587237e+01 5.351835471030517510e+01
9.000000000000000000e+01 5.727058823529410603e+01 5.261388766032728626e+01
9.200000000000000000e+01 5.659999999999999432e+01 5.186643078283944419e+01
9.400000000000000000e+01 5.569882352941176151e+01 5.103715170278637459e+01
9.600000000000000000e+01 5.472705882352940421e+01 5.023662096417513823e+01
9.800000000000000000e+01 5.392470588235293150e+01 4.942945599292347936e+01
1.000000000000000000e+02 5.312470588235294144e+01 4.854931446262715156e+01
1.020000000000000000e+02 5.241176470588234793e+01 4.800088456435204876e+01
1.040000000000000000e+02 5.135294117647057988e+01 4.716939407341883594e+01
1.060000000000000000e+02 5.063529411764704946e+01 4.649270234409552671e+01
1.080000000000000000e+02 4.992235294117646305e+01 4.590446704997788174e+01
1.100000000000000000e+02 4.908470588235292809e+01 4.499115435647942718e+01
1.120000000000000000e+02 4.825411764705881268e+01 4.429455992923485042e+01
1.140000000000000000e+02 4.785882352941175810e+01 4.393188854489163475e+01
1.160000000000000000e+02 4.717647058823528994e+01 4.331711632021229264e+01
1.180000000000000000e+02 4.638588235294117368e+01 4.260504201680671343e+01
1.200000000000000000e+02 4.588705882352941501e+01 4.237284387439185451e+01
