0.000000000000000000e+00 4.660705882352941387e+01 4.316895179124281157e+01
2.000000000000000000e+00 4.869882352941175441e+01 5.476116762494470436e+01
4.000000000000000000e+00 5.795999999999999375e+01 8.306280406899601587e+01
6.000000000000000000e+00 6.532941176470588118e+01 9.921494913754973766e+01
8.000000000000000000e+00 7.387529411764705856e+01 1.146771340114993194e+02
1.000000000000000000e+01 8.113411764705881524e+01 1.264396284829721253e+02
1.200000000000000000e+01 8.915999999999999659e+01 1.397324192835028498e+02
1.400000000000000000e+01 9.870352941176470551e+01 1.513379035824856089e+02
1.600000000000000000e+01 1.050047058823529369e+02 1.594803184431667091e+02
1.800000000000000000e+01 1.129035294117646941e+02 1.691309155241043811e+02
2.000000000000000000e+01 1.161529411764705912e+02 1.638942945599292216e+02
2.200000000000000000e+01 1.159388235294117635e+02 1.510835913312693322e+02
2.400000000000000000e+01 1.143858823529411808e+02 1.402388323750552672e+02
2.600000000000000000e+01 1.116776470588235384e+02 1.292282176028305969e+02
2.800000000000000000e+01 1.095388235294117578e+02 1.228394515701017156e+02
3.000000000000000000e+01 1.072941176470588260e+02 1.172003538257408195e+02
3.200000000000000000e+01 1.044141176470588306e+02 1.109531180893409896e+02
3.400000000000000000e+01 1.018188235294117590e+02 1.056678460858027364e+02
3.600000000000000000e+01 9.985411764705882831e+01 1.020190181335692046e+02
3.800000000000000000e+01 9.771294117647057931e+01 9.836134453781511411e+01
4.000000000000000000e+01 9.513882352941176634e+01 9.425696594427243724e+01
4.200000000000000000e+01 9.339999999999999147e+01 9.173816895179122355e+01
4.400000000000000000e+01 9.148941176470586356e+01 8.904024767801855944e+01
4.600000000000000000e+01 8.945647058823527686e+01 8.631136665192391888e+01
4.800000000000000000e+01 8.817882352941175839e+01 8.432330827067669077e+01
5.000000000000000000e+01 8.626588235294116203e+01 8.221141088014152842e+01
5.200000000000000000e+01 8.438117647058822968e+01 8.001769128704111722e+01
5.400000000000000000e+01 8.278823529411764071e+01 7.821760283060591235e+01
5.600000000000000000e+01 8.142588235294117283e+01 7.672047766475010633e+01
5.800000000000000000e+01 7.932941176470586697e+01 7.453560371517026795e+01
6.000000000000000000e+01 7.825411764705880557e+01 7.341220698805837230e+01
6.200000000000000000e+01 7.684235294117647186e+01 7.194383016364439243e+01
6.400000000000000000e+01 7.547058823529411598e+01 7.059044670499778817e+01
6.600000000000000000e+01 7.410588235294116544e+01 6.927465723131356867e+01
6.800000000000000000e+01 7.283058823529411541e+01 6.799203892083147593e+01
7.000000000000000000e+01 7.145882352941175952e+01 6.665192392746571670e+01
7.200000000000000000e+01 7.039999999999999147e+01 6.557717823971692894e+01
7.400000000000000000e+01 6.924235294117646333e+01 6.447810703228658724e+01
7.600000000000000000e+01 6.792235294117645594e+01 6.324413976116762370e+01
7.800000000000000000e+01 6.653411764705880671e+01 6.201238390092878205e+01
8.000000000000000000e+01 6.543058823529410972e+01 6.105705440070764922e+01
8.200000000000000000e+01 6.409176470588235475e+01 5.989385227775320431e+01
8.400000000000000000e+01 6.288235294117646390e+01 5.872843874391861618e+01
8.600000000000000000e+01 6.216470588235293349e+01 5.801857585139318019e+01
8.800000000000000000e+01 6.118823529411763928e+01 5.703228659885005669e+01
9.000000000000000000e+01 6.019058823529411484e+01 5.610128261831047070e+01
9.200000000000000000e+01 5.946823529411763332e+01 5.533392304290136110e+01
9.400000000000000000e+01 5.839058823529411058e+01 5.440291906236177510e+01
9.600000000000000000e+01 5.731764705882352473e+01 5.346749226006190980e+01
9.800000000000000000e+01 5.635764705882352388e+01 5.253427686864218771e+01
1.000000000000000000e+02 5.550588235294117112e+01 5.181999115435647241e+01
1.020000000000000000e+02 5.453176470588233826e+01 5.086908447589561888e+01
1.040000000000000000e+02 5.383058823529410830e+01 5.023883237505527433e+01
1.060000000000000000e+02 5.310588235294116544e+01 4.958867757629366935e+01
1.080000000000000000e+02 5.213647058823528369e+01 4.852941176470588402e+01
1.100000000000000000e+02 5.155294117647058272e+01 4.803847854931445482e+01
1.120000000000000000e+02 5.083058823529410830e+01 4.732640424590888273e+01
1.140000000000000000e+02 5.007058823529410319e+01 4.671163202122954061e+01
1.160000000000000000e+02 4.954352941176470182e+01 4.614329942503316317e+01
1.180000000000000000e+02 4.883999999999999631e+01 4.544670499778858641e+01
1.200000000000000000e+02 4.825647058823528823e+01 4.480981866430782645e+01
1.220000000000000000e+02 4.766823529411764326e+01 4.432994250331711328e+01
1.240000000000000000e+02 4.708470588235292809e+01 4.382574082264484616e+01
1.260000000000000000e+02 4.628941176470588204e+01 4.311587793011941017e+01
