0.000000000000000000e+00 4.619294117647058329e+01 4.300973020787261447e+01
2.000000000000000000e+00 4.964705882352940591e+01 4.662096417514374025e+01
4.000000000000000000e+00 5.830588235294116828e+01 5.732861565678902593e+01
6.000000000000000000e+00 6.792000000000000171e+01 6.879256965944271940e+01
8.000000000000000000e+00 7.506352941176470495e+01 7.788810260946483766e+01
1.000000000000000000e+01 8.280470588235293405e+01 8.551304732419282573e+01
1.200000000000000000e+01 9.124235294117646333e+01 9.409111012826183185e+01
1.400000000000000000e+01 9.756000000000000227e+01 1.004909332153914079e+02
1.600000000000000000e+01 1.044823529411764724e+02 1.072136222910216645e+02
1.800000000000000000e+01 1.108541176470588283e+02 1.142370632463511697e+02
2.000000000000000000e+01 1.176564705882352797e+02 1.200995134896063661e+02
2.200000000000000000e+01 1.249011764705882257e+02 1.273109243697478803e+02
2.400000000000000000e+01 1.233388235294117550e+02 1.251172047766474975e+02
2.600000000000000000e+01 1.187999999999999972e+02 1.191596638655462073e+02
2.800000000000000000e+01 1.135247058823529471e+02 1.126713843432109599e+02
3.000000000000000000e+01 1.092800000000000011e+02 1.075718708536045938e+02
3.200000000000000000e+01 1.053929411764705861e+02 1.030893409995577059e+02
3.400000000000000000e+01 1.022682352941176447e+02 9.958646616541354035e+01
3.600000000000000000e+01 9.872470588235293576e+01 9.562140645731976463e+01
3.800000000000000000e+01 9.621882352941177885e+01 9.286598850066340560e+01
4.000000000000000000e+01 9.326117647058822513e+01 8.969261388766032894e+01
4.200000000000000000e+01 9.084470588235294031e+01 8.709641751437416701e+01
4.400000000000000000e+01 8.830352941176469983e+01 8.444493586908447469e+01
4.600000000000000000e+01 8.649882352941175157e+01 8.233303847854931234e+01
4.800000000000000000e+01 8.432235294117646163e+01 8.032950022114107469e+01
5.000000000000000000e+01 8.272941176470587266e+01 7.850066342326402946e+01
5.200000000000000000e+01 8.104235294117646049e+01 7.680893409995576349e+01
5.400000000000000000e+01 7.920235294117645708e+01 7.514816452896947396e+01
5.600000000000000000e+01 7.763999999999998636e+01 7.355816010614771017e+01
5.800000000000000000e+01 7.609882352941176009e+01 7.188191065900042531e+01
6.000000000000000000e+01 7.459529411764704321e+01 7.058160106147721535e+01
6.200000000000000000e+01 7.320470588235292553e+01 6.906457319770012759e+01
6.400000000000000000e+01 7.187294117647057590e+01 6.793896505970809585e+01
6.600000000000000000e+01 7.047764705882352132e+01 6.656567890314019564e+01
6.800000000000000000e+01 6.912705882352940989e+01 6.510172490048650218e+01
7.000000000000000000e+01 6.805176470588234849e+01 6.409332153914196795e+01
7.200000000000000000e+01 6.677647058823528425e+01 6.297213622291020840e+01
7.400000000000000000e+01 6.569647058823528596e+01 6.190844758956213667e+01
7.600000000000000000e+01 6.448235294117645822e+01 6.074082264484741245e+01
7.800000000000000000e+01 6.355529411764705117e+01 5.980981866430782645e+01
8.000000000000000000e+01 6.266588235294117482e+01 5.892967713401149865e+01
8.200000000000000000e+01 6.152235294117646447e+01 5.784608580274214518e+01
8.400000000000000000e+01 6.042823529411764127e+01 5.677576293675365093e+01
8.600000000000000000e+01 5.950588235294117112e+01 5.571428571428571530e+01
8.800000000000000000e+01 5.852235294117645736e+01 5.472799646174259180e+01
9.000000000000000000e+01 5.778588235294116515e+01 5.399380804953559476e+01
9.200000000000000000e+01 5.683294117647058386e+01 5.316674038036266836e+01
9.400000000000000000e+01 5.602823529411763559e+01 5.237063246351171131e+01
9.600000000000000000e+01 5.532941176470587408e+01 5.163202122954444206e+01
9.800000000000000000e+01 5.450588235294117112e+01 5.097523219814240747e+01
1.000000000000000000e+02 5.365647058823528681e+01 5.016806722689074860e+01
1.020000000000000000e+02 5.279529411764705316e+01 4.933878814683767899e+01
1.040000000000000000e+02 5.221647058823528909e+01 4.871295886775762085e+01
1.060000000000000000e+02 5.135764705882351677e+01 4.798540468819105342e+01
1.080000000000000000e+02 5.057411764705882007e+01 4.725785050862450021e+01
1.100000000000000000e+02 4.977176470588234736e+01 4.643078283945156670e+01
1.120000000000000000e+02 4.911764705882352189e+01 4.587793011941617749e+01
1.140000000000000000e+02 4.856705882352940762e+01 4.536267138434320856e+01
1.160000000000000000e+02 4.795529411764705685e+01 4.470809376382131717e+01
1.180000000000000000e+02 4.714588235294117169e+01 4.404467049977885296e+01
1.200000000000000000e+02 4.658823529411764497e+01 4.353162317558602012e+01
1.220000000000000000e+02 4.594352941176470750e+01 4.291463954002652770e+01
