6.100000000000000000e+01 1.3283 1.3154
6.300000000000000000e+01 1.7580 2.8415
6.500000000000000000e+01 2.2883 4.4895
6.700000000000000000e+01 3.1953 6.6926
6.900000000000000000e+01 3.8965 8.0902
7.100000000000000000e+01 4.0643 7.5608
7.300000000000000000e+01 4.0725 6.8081
7.500000000000000000e+01 4.0422 6.1285
7.700000000000000000e+01 3.9723 5.6359
7.900000000000000000e+01 3.8892 5.2411
8.100000000000000000e+01 3.8045 4.9214
8.300000000000000000e+01 3.7297 4.6335
8.500000000000000000e+01 3.6613 4.4099
8.700000000000000000e+01 3.5676 4.1585
8.900000000000000000e+01 3.4710 3.9342
9.100000000000000000e+01 3.3839 3.7469
9.300000000000000000e+01 3.3169 3.6190
9.500000000000000000e+01 3.2519 3.5036
9.700000000000000000e+01 3.1679 3.3584
9.900000000000000000e+01 3.1190 3.2779
1.010000000000000000e+02 3.0464 3.1652
1.030000000000000000e+02 2.9686 3.0497
1.050000000000000000e+02 2.9093 2.9665
1.070000000000000000e+02 2.8613 2.9007
1.090000000000000000e+02 2.8199 2.8472
1.110000000000000000e+02 2.7523 2.7606
1.130000000000000000e+02 2.6966 2.6938
1.150000000000000000e+02 2.6596 2.6511
1.170000000000000000e+02 2.6130 2.5998
1.190000000000000000e+02 2.5513 2.5323
1.210000000000000000e+02 2.4994 2.4777
1.230000000000000000e+02 2.4569 2.4344
1.250000000000000000e+02 2.4159 2.3910
1.270000000000000000e+02 2.3734 2.3466
1.290000000000000000e+02 2.3252 2.2965
1.310000000000000000e+02 2.2824 2.2491
1.330000000000000000e+02 2.2410 2.2086
1.350000000000000000e+02 2.2134 2.1792
1.370000000000000000e+02 2.1827 2.1468
1.390000000000000000e+02 2.1483 2.1077
1.410000000000000000e+02 2.1097 2.0664
1.430000000000000000e+02 2.0739 2.0288
1.450000000000000000e+02 2.0496 2.0061
1.470000000000000000e+02 2.0169 1.9741
1.490000000000000000e+02 1.9842 1.9438
1.510000000000000000e+02 1.9538 1.9135
1.530000000000000000e+02 1.9222 1.8846
1.550000000000000000e+02 1.8970 1.8586
1.570000000000000000e+02 1.8714 1.8349
1.590000000000000000e+02 1.8378 1.8056
1.610000000000000000e+02 1.8163 1.7846
1.630000000000000000e+02 1.7967 1.7653
1.650000000000000000e+02 1.7701 1.7399
1.670000000000000000e+02 1.7437 1.7151
1.690000000000000000e+02 1.7132 1.6841
1.710000000000000000e+02 1.6888 1.6574
1.730000000000000000e+02 1.6646 1.6327
1.750000000000000000e+02 1.6437 1.6126
1.770000000000000000e+02 1.6273 1.5960
1.790000000000000000e+02 1.6006 1.5714
1.810000000000000000e+02 1.5787 1.5508
1.830000000000000000e+02 1.5616 1.5335
1.850000000000000000e+02 1.5386 1.5109
1.870000000000000000e+02 1.5166 1.4891
1.890000000000000000e+02 1.5029 1.4748
1.910000000000000000e+02 1.4836 1.4555
1.930000000000000000e+02 1.4672 1.4378
1.950000000000000000e+02 1.4519 1.4255
1.970000000000000000e+02 1.4375 1.4126
1.990000000000000000e+02 1.4132 1.3897
2.010000000000000000e+02 1.4016 1.3767
2.030000000000000000e+02 1.3921 1.3674
2.050000000000000000e+02 1.3786 1.3553
2.070000000000000000e+02 1.3608 1.3417
2.090000000000000000e+02 1.3474 1.3288
2.110000000000000000e+02 1.3244 1.3062
