3.300000000000000000e+01 1.3783 1.3467
3.500000000000000000e+01 1.4068 1.7153
3.700000000000000000e+01 1.4937 2.0496
3.900000000000000000e+01 1.5969 2.3216
4.100000000000000000e+01 1.7166 2.5740
4.300000000000000000e+01 1.8365 2.7852
4.500000000000000000e+01 1.9295 2.9308
4.700000000000000000e+01 2.0317 3.0800
4.900000000000000000e+01 2.1289 3.2161
5.100000000000000000e+01 2.2354 3.3561
5.300000000000000000e+01 2.3295 3.4181
5.500000000000000000e+01 2.3752 3.2040
5.700000000000000000e+01 2.3673 2.9819
5.900000000000000000e+01 2.3463 2.8100
6.100000000000000000e+01 2.3216 2.6848
6.300000000000000000e+01 2.2865 2.5546
6.500000000000000000e+01 2.2585 2.4563
6.700000000000000000e+01 2.2215 2.3697
6.900000000000000000e+01 2.1851 2.2951
7.100000000000000000e+01 2.1454 2.2197
7.300000000000000000e+01 2.1161 2.1686
7.500000000000000000e+01 2.0791 2.1141
7.700000000000000000e+01 2.0436 2.0660
7.900000000000000000e+01 2.0123 2.0218
8.100000000000000000e+01 1.9761 1.9692
8.300000000000000000e+01 1.9513 1.9351
8.500000000000000000e+01 1.9220 1.8991
8.700000000000000000e+01 1.8939 1.8661
8.900000000000000000e+01 1.8611 1.8231
9.100000000000000000e+01 1.8369 1.8018
9.300000000000000000e+01 1.8128 1.7736
9.500000000000000000e+01 1.7849 1.7472
9.700000000000000000e+01 1.7647 1.7210
9.900000000000000000e+01 1.7355 1.6944
1.010000000000000000e+02 1.7152 1.6719
1.030000000000000000e+02 1.7009 1.6529
1.050000000000000000e+02 1.6760 1.6200
1.070000000000000000e+02 1.6573 1.6104
1.090000000000000000e+02 1.6343 1.5895
1.110000000000000000e+02 1.6154 1.5703
1.130000000000000000e+02 1.5950 1.5499
1.150000000000000000e+02 1.5810 1.5366
1.170000000000000000e+02 1.5640 1.5192
1.190000000000000000e+02 1.5452 1.5004
1.210000000000000000e+02 1.5271 1.4844
1.230000000000000000e+02 1.5117 1.4671
1.250000000000000000e+02 1.4937 1.4491
1.270000000000000000e+02 1.4763 1.4321
1.290000000000000000e+02 1.4620 1.4196
1.310000000000000000e+02 1.4490 1.4080
1.330000000000000000e+02 1.4324 1.3928
1.350000000000000000e+02 1.4160 1.3770
1.370000000000000000e+02 1.4043 1.3648
1.390000000000000000e+02 1.3918 1.3525
1.410000000000000000e+02 1.3828 1.3440
