3.400000000000000000e+01 1.4233 1.4220
3.600000000000000000e+01 1.6538 2.8793
3.800000000000000000e+01 1.9502 4.3014
4.000000000000000000e+01 2.6615 6.6342
4.200000000000000000e+01 2.8291 9.4625
4.400000000000000000e+01 2.9341 9.9509
4.600000000000000000e+01 3.4783 9.0463
4.800000000000000000e+01 3.6796 8.3913
5.000000000000000000e+01 3.8555 7.5145
5.200000000000000000e+01 3.9494 6.7880
5.400000000000000000e+01 4.1105 6.1444
5.600000000000000000e+01 4.1541 5.6206
5.800000000000000000e+01 4.1231 5.3246
6.000000000000000000e+01 4.0701 5.0309
6.200000000000000000e+01 4.0143 4.6961
6.400000000000000000e+01 3.9394 4.5297
6.600000000000000000e+01 3.8436 4.4037
6.800000000000000000e+01 3.8006 4.2046
7.000000000000000000e+01 3.6903 4.0528
7.200000000000000000e+01 3.6444 3.9057
7.400000000000000000e+01 3.5603 3.7630
7.600000000000000000e+01 3.4541 3.6631
7.800000000000000000e+01 3.3558 3.5847
8.000000000000000000e+01 3.3119 3.4876
8.200000000000000000e+01 3.2389 3.3897
8.400000000000000000e+01 3.1941 3.3238
8.600000000000000000e+01 3.1162 3.2364
8.800000000000000000e+01 3.0472 3.1619
9.000000000000000000e+01 2.9902 3.0888
9.200000000000000000e+01 2.9365 3.0116
9.400000000000000000e+01 2.8673 2.9144
9.600000000000000000e+01 2.8243 2.8694
9.800000000000000000e+01 2.7712 2.8079
1.000000000000000000e+02 2.7196 2.7515
1.020000000000000000e+02 2.6488 2.6789
1.040000000000000000e+02 2.6103 2.6399
1.060000000000000000e+02 2.5597 2.5887
1.080000000000000000e+02 2.5172 2.5445
1.100000000000000000e+02 2.4703 2.4947
1.120000000000000000e+02 2.4214 2.4431
1.140000000000000000e+02 2.3810 2.3991
1.160000000000000000e+02 2.3420 2.3568
1.180000000000000000e+02 2.3049 2.3171
1.200000000000000000e+02 2.2612 2.2695
1.220000000000000000e+02 2.2277 2.2354
1.240000000000000000e+02 2.1875 2.1960
1.260000000000000000e+02 2.1481 2.1570
1.280000000000000000e+02 2.1175 2.1276
1.300000000000000000e+02 2.0784 2.0826
1.320000000000000000e+02 2.0490 2.0647
1.340000000000000000e+02 2.0126 2.0267
1.360000000000000000e+02 1.9764 1.9910
1.380000000000000000e+02 1.9490 1.9641
1.400000000000000000e+02 1.9210 1.9391
1.420000000000000000e+02 1.8796 1.9005
1.440000000000000000e+02 1.8628 1.8835
1.460000000000000000e+02 1.8357 1.8555
1.480000000000000000e+02 1.8094 1.8241
1.500000000000000000e+02 1.7892 1.7995
1.520000000000000000e+02 1.7687 1.7705
1.540000000000000000e+02 1.7312 1.7416
1.560000000000000000e+02 1.7063 1.7151
1.580000000000000000e+02 1.6843 1.6935
1.600000000000000000e+02 1.6570 1.6678
1.620000000000000000e+02 1.6350 1.6448
1.640000000000000000e+02 1.6168 1.6259
1.660000000000000000e+02 1.5931 1.6022
1.680000000000000000e+02 1.5719 1.5816
1.700000000000000000e+02 1.5511 1.5604
1.720000000000000000e+02 1.5320 1.5412
1.740000000000000000e+02 1.5132 1.5222
1.760000000000000000e+02 1.4923 1.5012
1.780000000000000000e+02 1.4762 1.4835
1.800000000000000000e+02 1.4575 1.4635
1.820000000000000000e+02 1.4414 1.4465
1.840000000000000000e+02 1.4231 1.4271