4.600000000000000000e+01 1.4341 1.4633
4.800000000000000000e+01 1.4578 1.7525
5.000000000000000000e+01 1.5100 2.0174
5.200000000000000000e+01 1.6287 2.4121
5.400000000000000000e+01 1.7148 2.6386
5.600000000000000000e+01 1.7877 2.8053
5.800000000000000000e+01 1.8684 2.9807
6.000000000000000000e+01 1.9690 3.1347
6.200000000000000000e+01 2.0442 3.2892
6.400000000000000000e+01 2.1247 3.4018
6.600000000000000000e+01 2.2289 3.4931
6.800000000000000000e+01 2.3256 3.5817
7.000000000000000000e+01 2.4218 3.7054
7.200000000000000000e+01 2.4879 3.7503
7.400000000000000000e+01 2.5317 3.4445
7.600000000000000000e+01 2.5141 3.1555
7.800000000000000000e+01 2.4872 3.0201
8.000000000000000000e+01 2.4468 2.8479
8.200000000000000000e+01 2.3926 2.7233
8.400000000000000000e+01 2.3458 2.6201
8.600000000000000000e+01 2.3066 2.5305
8.800000000000000000e+01 2.2710 2.4492
9.000000000000000000e+01 2.2339 2.3953
9.200000000000000000e+01 2.1985 2.3290
9.400000000000000000e+01 2.1569 2.2701
9.600000000000000000e+01 2.1200 2.2144
9.800000000000000000e+01 2.0936 2.1759
1.000000000000000000e+02 2.0598 2.1354
1.020000000000000000e+02 2.0213 2.0909
1.040000000000000000e+02 1.9927 2.0562
1.060000000000000000e+02 1.9538 2.0161
1.080000000000000000e+02 1.9238 1.9827
1.100000000000000000e+02 1.8942 1.9490
1.120000000000000000e+02 1.8694 1.9154
1.140000000000000000e+02 1.8445 1.8899
1.160000000000000000e+02 1.8171 1.8563
1.180000000000000000e+02 1.7910 1.8323
1.200000000000000000e+02 1.7658 1.8008
1.220000000000000000e+02 1.7432 1.7784
1.240000000000000000e+02 1.7196 1.7491
1.260000000000000000e+02 1.7023 1.7287
1.280000000000000000e+02 1.6735 1.7037
1.300000000000000000e+02 1.6426 1.6727
1.320000000000000000e+02 1.6282 1.6561
1.340000000000000000e+02 1.6067 1.6366
1.360000000000000000e+02 1.5860 1.6123
1.380000000000000000e+02 1.5610 1.5899
1.400000000000000000e+02 1.5360 1.5613
1.420000000000000000e+02 1.5139 1.5413
1.440000000000000000e+02 1.5021 1.5268
1.460000000000000000e+02 1.4896 1.5121
1.480000000000000000e+02 1.4730 1.4960
1.500000000000000000e+02 1.4535 1.4745
