4.700000000000000000e+01 1.4158 1.4488
4.900000000000000000e+01 1.4423 1.9787
5.100000000000000000e+01 1.5518 3.3619
5.300000000000000000e+01 1.7280 4.2412
5.500000000000000000e+01 1.9864 4.9907
5.700000000000000000e+01 2.2563 5.8300
5.900000000000000000e+01 2.4997 6.3092
6.100000000000000000e+01 2.6520 6.6340
6.300000000000000000e+01 2.8837 6.1278
6.500000000000000000e+01 2.9848 5.5016
6.700000000000000000e+01 3.0147 5.1609
6.900000000000000000e+01 3.0271 4.7262
7.100000000000000000e+01 3.0137 4.3770
7.300000000000000000e+01 2.9917 4.1170
7.500000000000000000e+01 2.9583 3.9210
7.700000000000000000e+01 2.9268 3.7304
7.900000000000000000e+01 2.8920 3.5492
8.100000000000000000e+01 2.8459 3.4207
8.300000000000000000e+01 2.7900 3.2535
8.500000000000000000e+01 2.7453 3.1558
8.700000000000000000e+01 2.6732 3.0157
8.900000000000000000e+01 2.6430 2.8939
9.100000000000000000e+01 2.6170 2.8170
9.300000000000000000e+01 2.5516 2.7279
9.500000000000000000e+01 2.5035 2.6543
9.700000000000000000e+01 2.4541 2.5917
9.900000000000000000e+01 2.4085 2.5255
1.010000000000000000e+02 2.3526 2.4723
1.030000000000000000e+02 2.2923 2.4251
1.050000000000000000e+02 2.2640 2.3758
1.070000000000000000e+02 2.2081 2.3243
1.090000000000000000e+02 2.1637 2.2726
1.110000000000000000e+02 2.1326 2.2322
1.130000000000000000e+02 2.0902 2.1844
1.150000000000000000e+02 2.0521 2.1378
1.170000000000000000e+02 2.0230 2.1014
1.190000000000000000e+02 1.9860 2.0599
1.210000000000000000e+02 1.9552 2.0286
1.230000000000000000e+02 1.9254 1.9960
1.250000000000000000e+02 1.8981 1.9564
1.270000000000000000e+02 1.8675 1.9263
1.290000000000000000e+02 1.8420 1.8933
1.310000000000000000e+02 1.8210 1.8668
1.330000000000000000e+02 1.7929 1.8376
1.350000000000000000e+02 1.7672 1.8117
1.370000000000000000e+02 1.7316 1.7787
1.390000000000000000e+02 1.7028 1.7550
1.410000000000000000e+02 1.6773 1.7247
1.430000000000000000e+02 1.6572 1.7003
1.450000000000000000e+02 1.6344 1.6735
1.470000000000000000e+02 1.6075 1.6454
1.490000000000000000e+02 1.5777 1.6109
1.510000000000000000e+02 1.5518 1.5884
1.530000000000000000e+02 1.5244 1.5598
1.550000000000000000e+02 1.5054 1.5418
1.570000000000000000e+02 1.4833 1.5243
1.590000000000000000e+02 1.4624 1.4982
1.610000000000000000e+02 1.4441 1.4801
1.630000000000000000e+02 1.4325 1.4669
1.650000000000000000e+02 1.4197 1.4535
