5.300000000000000000e+01 1.7744 1.7577
5.500000000000000000e+01 1.9832 2.7175
5.700000000000000000e+01 2.3776 3.7481
5.900000000000000000e+01 2.7779 4.4956
6.100000000000000000e+01 3.1618 5.2241
6.300000000000000000e+01 3.5260 5.9195
6.500000000000000000e+01 3.8705 6.3927
6.700000000000000000e+01 4.1578 6.8070
6.900000000000000000e+01 4.2228 6.1702
7.100000000000000000e+01 4.1528 5.7214
7.300000000000000000e+01 4.0459 5.2488
7.500000000000000000e+01 3.9725 4.9936
7.700000000000000000e+01 3.8612 4.6610
7.900000000000000000e+01 3.7679 4.3851
8.100000000000000000e+01 3.6662 4.1755
8.300000000000000000e+01 3.5895 4.0132
8.500000000000000000e+01 3.4925 3.8160
8.700000000000000000e+01 3.4255 3.6936
8.900000000000000000e+01 3.3408 3.5629
9.100000000000000000e+01 3.2617 3.4354
9.300000000000000000e+01 3.1856 3.3201
9.500000000000000000e+01 3.1442 3.2522
9.700000000000000000e+01 3.0804 3.1660
9.900000000000000000e+01 3.0014 3.0721
1.010000000000000000e+02 2.9416 2.9964
1.030000000000000000e+02 2.9002 2.9447
1.050000000000000000e+02 2.8319 2.8566
1.070000000000000000e+02 2.7874 2.8126
1.090000000000000000e+02 2.7388 2.7492
1.110000000000000000e+02 2.6787 2.6885
1.130000000000000000e+02 2.6332 2.6335
1.150000000000000000e+02 2.5937 2.5980
1.170000000000000000e+02 2.5511 2.5501
1.190000000000000000e+02 2.5078 2.5063
1.210000000000000000e+02 2.4669 2.4570
1.230000000000000000e+02 2.4189 2.4105
1.250000000000000000e+02 2.3728 2.3684
1.270000000000000000e+02 2.3442 2.3347
1.290000000000000000e+02 2.3105 2.2973
1.310000000000000000e+02 2.2652 2.2543
1.330000000000000000e+02 2.2283 2.2189
1.350000000000000000e+02 2.1998 2.1907
1.370000000000000000e+02 2.1604 2.1495
1.390000000000000000e+02 2.1330 2.1228
1.410000000000000000e+02 2.0996 2.0869
1.430000000000000000e+02 2.0700 2.0528
1.450000000000000000e+02 2.0459 2.0311
1.470000000000000000e+02 2.0189 2.0031
1.490000000000000000e+02 1.9958 1.9745
1.510000000000000000e+02 1.9599 1.9410
1.530000000000000000e+02 1.9386 1.9228
1.550000000000000000e+02 1.9144 1.8993
1.570000000000000000e+02 1.8882 1.8689
1.590000000000000000e+02 1.8679 1.8519
1.610000000000000000e+02 1.8413 1.8254
1.630000000000000000e+02 1.8192 1.8059
1.650000000000000000e+02 1.7987 1.7832
1.670000000000000000e+02 1.7667 1.7463
