2.300000000000000000e+01 1.6990 1.7413
2.500000000000000000e+01 2.1686 3.7421
2.700000000000000000e+01 2.7544 5.7878
2.900000000000000000e+01 3.4704 7.7966
3.100000000000000000e+01 4.3632 9.7901
3.300000000000000000e+01 4.4552 9.1774
3.500000000000000000e+01 4.4802 8.2926
3.700000000000000000e+01 4.4676 7.4410
3.900000000000000000e+01 4.4116 6.7248
4.100000000000000000e+01 4.3210 6.2426
4.300000000000000000e+01 4.1958 5.8727
4.500000000000000000e+01 4.1526 5.4901
4.700000000000000000e+01 4.0521 5.2212
4.900000000000000000e+01 3.9717 4.9466
5.100000000000000000e+01 3.8217 4.7962
5.300000000000000000e+01 3.7570 4.4636
5.500000000000000000e+01 3.7018 4.2760
5.700000000000000000e+01 3.6478 4.1236
5.900000000000000000e+01 3.5651 3.9684
6.100000000000000000e+01 3.4775 3.8211
6.300000000000000000e+01 3.3886 3.7022
6.500000000000000000e+01 3.3169 3.5975
6.700000000000000000e+01 3.2348 3.4733
6.900000000000000000e+01 3.1667 3.3868
7.100000000000000000e+01 3.0976 3.2811
7.300000000000000000e+01 3.0368 3.2111
7.500000000000000000e+01 2.9716 3.1139
7.700000000000000000e+01 2.9075 3.0312
7.900000000000000000e+01 2.8400 2.9564
8.100000000000000000e+01 2.7712 2.8768
8.300000000000000000e+01 2.7077 2.8034
8.500000000000000000e+01 2.6683 2.7549
8.700000000000000000e+01 2.6094 2.6838
8.900000000000000000e+01 2.5669 2.6305
9.100000000000000000e+01 2.5068 2.5669
9.300000000000000000e+01 2.4636 2.5188
9.500000000000000000e+01 2.4068 2.4575
9.700000000000000000e+01 2.3554 2.4036
9.900000000000000000e+01 2.3130 2.3671
1.010000000000000000e+02 2.2697 2.3215
1.030000000000000000e+02 2.2268 2.2742
1.050000000000000000e+02 2.1802 2.2222
1.070000000000000000e+02 2.1428 2.1840
1.090000000000000000e+02 2.1027 2.1418
1.110000000000000000e+02 2.0600 2.0961
1.130000000000000000e+02 2.0215 2.0541
1.150000000000000000e+02 1.9839 2.0124
1.170000000000000000e+02 1.9587 1.9854
1.190000000000000000e+02 1.9254 1.9513
1.210000000000000000e+02 1.8828 1.9110
1.230000000000000000e+02 1.8561 1.8842
1.250000000000000000e+02 1.8285 1.8577
1.270000000000000000e+02 1.7887 1.8200
1.290000000000000000e+02 1.7644 1.7920
1.310000000000000000e+02 1.7360 1.7629
1.330000000000000000e+02 1.6930 1.7195
