9.000000000000000000e+00 1.8209 1.8025
1.100000000000000000e+01 1.9093 2.0437
1.300000000000000000e+01 2.0897 2.4043
1.500000000000000000e+01 2.2384 2.6353
1.700000000000000000e+01 2.3834 2.8534
1.900000000000000000e+01 2.5351 3.0640
2.100000000000000000e+01 2.6888 3.2726
2.300000000000000000e+01 2.7942 3.3947
2.500000000000000000e+01 2.8796 3.5111
2.700000000000000000e+01 3.0223 3.6499
2.900000000000000000e+01 3.1049 3.7501
3.100000000000000000e+01 3.2389 3.8697
3.300000000000000000e+01 3.3422 3.9721
3.500000000000000000e+01 3.3151 3.8052
3.700000000000000000e+01 3.2208 3.5826
3.900000000000000000e+01 3.1478 3.4225
4.100000000000000000e+01 3.0534 3.2405
4.300000000000000000e+01 2.9761 3.1087
4.500000000000000000e+01 2.9273 3.0316
4.700000000000000000e+01 2.8560 2.9271
4.900000000000000000e+01 2.7943 2.8450
5.100000000000000000e+01 2.7275 2.7615
5.300000000000000000e+01 2.6797 2.7028
5.500000000000000000e+01 2.6243 2.6409
5.700000000000000000e+01 2.5778 2.5817
5.900000000000000000e+01 2.5363 2.5303
6.100000000000000000e+01 2.4801 2.4728
6.300000000000000000e+01 2.4431 2.4284
6.500000000000000000e+01 2.4025 2.3894
6.700000000000000000e+01 2.3594 2.3441
6.900000000000000000e+01 2.3182 2.2961
7.100000000000000000e+01 2.2909 2.2666
7.300000000000000000e+01 2.2507 2.2308
7.500000000000000000e+01 2.2167 2.1963
7.700000000000000000e+01 2.1724 2.1522
7.900000000000000000e+01 2.1431 2.1238
8.100000000000000000e+01 2.1113 2.0924
8.300000000000000000e+01 2.0778 2.0546
8.500000000000000000e+01 2.0564 2.0364
8.700000000000000000e+01 2.0175 1.9986
8.900000000000000000e+01 1.9920 1.9732
9.100000000000000000e+01 1.9700 1.9504
9.300000000000000000e+01 1.9514 1.9281
9.500000000000000000e+01 1.9148 1.8968
9.700000000000000000e+01 1.8917 1.8744
9.900000000000000000e+01 1.8738 1.8536
1.010000000000000000e+02 1.8481 1.8287
1.030000000000000000e+02 1.8235 1.8039
