5.400000000000000000e+01 1.7425 1.7654
5.600000000000000000e+01 1.8040 2.2379
5.800000000000000000e+01 2.0514 2.7874
6.000000000000000000e+01 2.2663 3.3771
6.200000000000000000e+01 2.4548 3.6593
6.400000000000000000e+01 2.6773 4.1957
6.600000000000000000e+01 2.9742 4.5924
6.800000000000000000e+01 3.0399 5.2104
7.000000000000000000e+01 3.5211 5.8044
7.200000000000000000e+01 3.4755 5.5347
7.400000000000000000e+01 3.2620 5.2561
7.600000000000000000e+01 3.4142 4.8614
7.800000000000000000e+01 3.5140 4.4431
8.000000000000000000e+01 3.2926 4.2814
8.200000000000000000e+01 3.2532 4.0893
8.400000000000000000e+01 3.1946 3.9594
8.600000000000000000e+01 3.1987 3.7872
8.800000000000000000e+01 3.0936 3.6827
9.000000000000000000e+01 3.0654 3.5636
9.200000000000000000e+01 2.9994 3.4852
9.400000000000000000e+01 2.9490 3.3812
9.600000000000000000e+01 2.9080 3.2668
9.800000000000000000e+01 2.8587 3.2005
1.000000000000000000e+02 2.8155 3.1132
1.020000000000000000e+02 2.7777 3.0381
1.040000000000000000e+02 2.7255 2.9470
1.060000000000000000e+02 2.6611 2.8952
1.080000000000000000e+02 2.6436 2.8556
1.100000000000000000e+02 2.5998 2.7794
1.120000000000000000e+02 2.5637 2.7334
1.140000000000000000e+02 2.5314 2.6682
1.160000000000000000e+02 2.4994 2.6435
1.180000000000000000e+02 2.4451 2.6074
1.200000000000000000e+02 2.4048 2.5412
1.220000000000000000e+02 2.3992 2.5097
1.240000000000000000e+02 2.3464 2.4641
1.260000000000000000e+02 2.3127 2.4212
1.280000000000000000e+02 2.2920 2.3845
1.300000000000000000e+02 2.2607 2.3498
1.320000000000000000e+02 2.2327 2.3182
1.340000000000000000e+02 2.1969 2.2791
1.360000000000000000e+02 2.1678 2.2527
1.380000000000000000e+02 2.1296 2.2148
1.400000000000000000e+02 2.1158 2.1909
1.420000000000000000e+02 2.0827 2.1597
1.440000000000000000e+02 2.0618 2.1278
1.460000000000000000e+02 2.0355 2.0895
1.480000000000000000e+02 2.0093 2.0624
1.500000000000000000e+02 1.9865 2.0399
1.520000000000000000e+02 1.9624 2.0112
1.540000000000000000e+02 1.9359 1.9903
1.560000000000000000e+02 1.9087 1.9686
1.580000000000000000e+02 1.8844 1.9406
1.600000000000000000e+02 1.8609 1.9196
1.620000000000000000e+02 1.8380 1.8956
1.640000000000000000e+02 1.8207 1.8702
1.660000000000000000e+02 1.8028 1.8544
1.680000000000000000e+02 1.7777 1.8298
1.700000000000000000e+02 1.7617 1.8079
1.720000000000000000e+02 1.7338 1.7841
