3.300000000000000000e+01 1.8468 1.8600
3.500000000000000000e+01 2.8835 3.7841
3.700000000000000000e+01 3.8741 5.3483
3.900000000000000000e+01 4.9691 6.9349
4.100000000000000000e+01 6.1485 8.5184
4.300000000000000000e+01 7.2263 9.8630
4.500000000000000000e+01 7.2862 9.6022
4.700000000000000000e+01 6.9849 8.6989
4.900000000000000000e+01 6.5826 7.8511
5.100000000000000000e+01 6.3568 7.4415
5.300000000000000000e+01 6.1234 7.0283
5.500000000000000000e+01 5.8433 6.5741
5.700000000000000000e+01 5.5477 6.3027
5.900000000000000000e+01 5.3745 5.9770
6.100000000000000000e+01 5.1524 5.7473
6.300000000000000000e+01 5.0023 5.4945
6.500000000000000000e+01 4.8232 5.2190
6.700000000000000000e+01 4.7136 5.0433
6.900000000000000000e+01 4.5936 4.8625
7.100000000000000000e+01 4.4756 4.6994
7.300000000000000000e+01 4.3608 4.5504
7.500000000000000000e+01 4.2305 4.4118
7.700000000000000000e+01 4.1420 4.2857
7.900000000000000000e+01 4.0438 4.1670
8.100000000000000000e+01 3.9475 4.0538
8.300000000000000000e+01 3.8379 3.9325
8.500000000000000000e+01 3.7547 3.8355
8.700000000000000000e+01 3.6541 3.7212
8.900000000000000000e+01 3.5797 3.6505
9.100000000000000000e+01 3.5110 3.5674
9.300000000000000000e+01 3.4271 3.4801
9.500000000000000000e+01 3.3417 3.4024
9.700000000000000000e+01 3.2714 3.3190
9.900000000000000000e+01 3.2023 3.2445
1.010000000000000000e+02 3.1409 3.1800
1.030000000000000000e+02 3.0735 3.1093
1.050000000000000000e+02 3.0016 3.0360
1.070000000000000000e+02 2.9420 2.9756
1.090000000000000000e+02 2.8838 2.9174
1.110000000000000000e+02 2.8215 2.8598
1.130000000000000000e+02 2.7889 2.8178
1.150000000000000000e+02 2.7216 2.7483
1.170000000000000000e+02 2.6774 2.7031
1.190000000000000000e+02 2.6214 2.6457
1.210000000000000000e+02 2.5787 2.6024
1.230000000000000000e+02 2.5253 2.5472
1.250000000000000000e+02 2.4800 2.5016
1.270000000000000000e+02 2.4231 2.4454
1.290000000000000000e+02 2.3836 2.4075
1.310000000000000000e+02 2.3448 2.3689
1.330000000000000000e+02 2.3034 2.3267
1.350000000000000000e+02 2.2764 2.3000
1.370000000000000000e+02 2.2418 2.2664
1.390000000000000000e+02 2.2040 2.2265
1.410000000000000000e+02 2.1625 2.1838
1.430000000000000000e+02 2.1307 2.1523
1.450000000000000000e+02 2.1011 2.1201
1.470000000000000000e+02 2.0677 2.0891
1.490000000000000000e+02 2.0340 2.0545
1.510000000000000000e+02 2.0061 2.0270
1.530000000000000000e+02 1.9656 1.9851
1.550000000000000000e+02 1.9390 1.9567
1.570000000000000000e+02 1.9114 1.9290
1.590000000000000000e+02 1.8836 1.9002
1.610000000000000000e+02 1.8457 1.8569
